QM Energy	FF Energy
     -8.1671e-05    -7.54589e-05
    -0.000291479    -0.000312573
    -0.000163916    -0.000161875
    -0.000550053    -0.000484329
     -1.7556e-05    -1.62812e-05
    -0.000260095    -0.000210305
    -0.000102537    -9.07735e-05
    -0.000154274    -0.000189729
     -4.9061e-05    -4.04124e-05
     -2.1205e-05    -1.68717e-05
     -7.3161e-05    -7.12167e-05
    -0.000537324    -0.000437069
     -3.5859e-05    -5.38136e-05
    -0.000142503    -0.000203087
      -1.965e-05    -1.66609e-05
     -5.0932e-05    -4.48429e-05
    -0.000252253    -0.000363113
     -2.3425e-05    -2.08533e-05
     -2.2505e-05    -1.67079e-05
    -0.000143864    -0.000143638
     -0.00034174    -0.000333758
     -5.7075e-05    -5.82924e-05
     -1.8484e-05    -2.01748e-05
    -0.000201999    -0.000279485
     -1.7536e-05    -1.47249e-05
     -1.8609e-05    -1.67461e-05
      -2.465e-05    -1.98832e-05
     -8.6105e-05    -0.000100453
    -0.000469607    -0.000416953
     -8.7275e-05     -9.3853e-05
     -4.1996e-05    -3.81112e-05
    -0.000384866    -0.000395285
    -0.000106547    -9.94323e-05
    -0.000532658    -0.000484691
     -0.00025471    -0.000279422
    -0.000217752    -0.000223965
      -1.065e-05    -1.04822e-05
    -0.000104645    -0.000110948
    -0.000184429    -0.000369647
     -6.1209e-05    -6.14956e-05
     -4.0817e-05    -4.19516e-05
     -2.9024e-05    -2.96463e-05
     -2.0383e-05    -2.21785e-05
     -5.5323e-05    -4.97115e-05
     -9.1472e-05     -8.6752e-05
     -1.6233e-05     -1.3453e-05
      -5.114e-05    -5.03594e-05
    -0.000437979    -0.000415791
    -0.000507274    -0.000517837
    -0.000119902    -0.000184477
    -0.000106865    -0.000108504
      -2.606e-05     -3.2295e-05
    -0.000285442    -0.000284887
    -0.000260956    -0.000340648
     -8.5222e-05    -9.73963e-05
      -4.279e-05    -3.02022e-05
      -9.923e-06    -9.36511e-06
    -0.000303818    -0.000259219
    -0.000495043    -0.000465108
     -2.4782e-05    -1.88318e-05
     -4.2819e-05    -3.67273e-05
    -0.000317322    -0.000339957
      -8.023e-05    -0.000109668
     -5.8871e-05    -4.29746e-05
    -0.000379668    -0.000292853
     -9.7413e-05    -0.000103838
     -6.4373e-05    -7.75382e-05
     -4.0541e-05    -3.59539e-05
    -0.000235373    -0.000230115
    -0.000275933    -0.000285806
    -0.000150296    -0.000157679
     -2.2485e-05     -1.9117e-05
     -2.4875e-05    -2.97446e-05
    -0.000419474    -0.000412493
    -0.000788977    -0.000758031
     -3.4198e-05    -3.01818e-05
      -4.258e-05    -4.15992e-05
     -0.00010209    -0.000103825
    -0.000125527    -0.000235092
    -0.000633782    -0.000603411
    -0.000145747     -0.00011518
     -5.6103e-05    -6.25285e-05
    -0.000227192    -0.000212553
    -0.000114578    -0.000118855
    -0.000111666    -0.000100683
     -0.00025205    -0.000242418
    -0.000135862    -0.000121802
     -6.9331e-05    -6.17371e-05
     -0.00012717    -0.000169083
    -0.000294244     -0.00030512
     -3.9868e-05    -3.71463e-05
    -0.000596918     -0.00054344
     -4.8541e-05    -4.46263e-05
    -0.000202124    -0.000242615
      -9.057e-05    -0.000135478
    -0.000195733    -0.000274981
    -0.000289002    -0.000258612
     -6.5605e-05    -6.49832e-05
    -0.000363702    -0.000436117
     -2.7691e-05    -2.47219e-05
     -2.4133e-05    -1.92813e-05
    -0.000108454    -0.000113353
    -0.000137222    -0.000140149
     -4.7477e-05    -4.95833e-05
     -6.6344e-05    -7.15967e-05
    -0.000118348    -0.000158757
    -0.000327044    -0.000406133
     -0.00015615    -0.000169349
    -0.000134316    -0.000210705
    -0.000202831     -0.00024941
    -0.000125426     -0.00018232
    -0.000145659    -0.000189563
    -0.000381314    -0.000372632
    -0.000162358    -0.000162202
     -0.00010422     -0.00015118
     -6.4936e-05    -9.64751e-05
     -1.5875e-05    -1.29799e-05
    -0.000204191    -0.000205654
    -0.000421654    -0.000405289
    -0.000396319     -0.00041536
    -0.000418849    -0.000456879
    -0.000566486    -0.000574868
     -2.3727e-05    -2.02006e-05
     -7.9226e-05     -0.00010941
    -0.000239511     -0.00026446
    -0.000383594    -0.000362693
     -2.3535e-05    -2.96213e-05
     -2.1922e-05    -1.99517e-05
    -0.000621303    -0.000528836
    -0.000365221    -0.000376033
    -0.000142287    -0.000144076
    -0.000243465     -0.00033714
    -0.000131221    -0.000141904
     -3.6056e-05    -3.69787e-05
     -5.5679e-05    -5.50904e-05
     -1.0391e-05     -8.6853e-06
      -2.842e-05    -2.42006e-05
     -1.9602e-05    -2.00858e-05
     -7.7983e-05     -7.0892e-05
    -0.000286523    -0.000305908
    -0.000201667    -0.000234394
    -0.000284862    -0.000326292
     -1.7218e-05    -1.29268e-05
      -8.304e-05    -9.97586e-05
     -9.1524e-05    -7.89979e-05
     -7.4313e-05    -8.89698e-05
     -2.6596e-05    -2.42437e-05
     -2.3551e-05    -2.40381e-05
    -0.000440465    -0.000388125
    -0.000196624     -0.00022498
     -4.4191e-05     -4.7195e-05
     -1.5112e-05    -1.22226e-05
    -0.000162371    -0.000165575
     -1.8434e-05    -1.71575e-05
    -0.000321559    -0.000346722
      -6.753e-05     -6.7366e-05
    -0.000120673    -0.000139973
    -0.000285296    -0.000299605
     -0.00079677    -0.000753981
     -6.9336e-05     -6.5002e-05
    -0.000410665     -0.00039853
    -0.000160355    -0.000253045
     -3.7612e-05    -3.32795e-05
     -4.5974e-05    -5.25149e-05
     -3.1368e-05    -2.53076e-05
     -1.7683e-05    -1.59859e-05
      -3.881e-05    -3.51524e-05
     -2.7923e-05    -3.61503e-05
    -0.000340238    -0.000380361
    -0.000165202    -0.000173927
     -5.0201e-05    -4.09899e-05
     -6.1736e-05    -8.28017e-05
    -0.000199685    -0.000206876
     -2.4729e-05    -1.99379e-05
     -4.4561e-05    -4.93409e-05
    -0.000257973    -0.000387433
    -0.000322173    -0.000266798
    -0.000139205    -0.000127938
     -6.5548e-05    -6.65714e-05
     -3.6558e-05    -2.99115e-05
    -0.000165004    -0.000165954
     -6.9109e-05    -5.99995e-05
     -2.2064e-05    -2.17608e-05
     -3.5408e-05    -2.85945e-05
    -0.000301506     -0.00025157
     -1.3498e-05    -1.22841e-05
     -3.3885e-05    -3.03866e-05
     -2.5645e-05    -1.99682e-05
     -4.7884e-05    -4.70335e-05
    -0.000181863    -0.000180019
    -0.000141144    -0.000192407
     -4.3028e-05    -4.07742e-05
    -0.000119141      -0.0001681
     -1.7587e-05    -1.53105e-05
     -5.8304e-05     -5.4587e-05
     -2.7886e-05    -2.48586e-05
    -0.000110057    -9.90568e-05
     -3.1506e-05    -3.01487e-05
     -1.7493e-05    -1.33301e-05
    -0.000696467    -0.000603629
     -1.3928e-05    -1.26157e-05
     -8.0836e-05    -7.96786e-05
    -0.000193466    -0.000206605
     -2.1514e-05    -2.02645e-05
    -0.000156169    -0.000176217
     -2.9996e-05    -2.07875e-05
     -2.1151e-05    -1.93839e-05
    -0.000240882    -0.000225932
    -0.000130449    -0.000124243
     -0.00039726    -0.000439499
      -3.437e-05    -3.35361e-05
     -1.3592e-05    -1.22602e-05
     -1.7711e-05    -1.36965e-05
      -3.141e-05    -2.54121e-05
     -2.8603e-05    -2.78195e-05
    -0.000105185    -9.96206e-05
    -0.000400247    -0.000425397
      -5.882e-05     -6.1726e-05
     -2.6456e-05    -2.17871e-05
    -0.000120363    -0.000129395
    -0.000395979    -0.000339555
     -8.2169e-05    -9.08252e-05
     -4.4455e-05    -3.82324e-05
    -0.000157432    -0.000162659
     -3.5314e-05    -2.94193e-05
    -0.000107284    -0.000106639
    -0.000397518    -0.000449827
     -0.00015119      -0.0001453
    -0.000249575     -0.00025981
     -0.00017114    -0.000247159
    -0.000179696    -0.000264244
     -6.4235e-05    -6.51263e-05
     -7.9119e-05     -7.1324e-05
       -8.85e-05    -0.000114603
    -0.000612182    -0.000640188
    -0.000115042    -0.000130719
    -0.000104723    -0.000108444
    -0.000685283    -0.000566506
    -0.000419747    -0.000414987
    -0.000722598    -0.000623226
    -0.000317046    -0.000441157
      -2.734e-05    -2.69911e-05
     -1.9017e-05     -1.7631e-05
    -0.000174371    -0.000157279
      -6.037e-05    -5.67202e-05
     -7.0146e-05    -7.43997e-05
     -3.7295e-05    -2.61689e-05
      -6.684e-05    -6.68341e-05
     -7.1326e-05    -7.33477e-05
    -0.000358559    -0.000366419
    -0.000118514     -0.00017366
    -0.000567479    -0.000449366
    -0.000127385    -0.000182508
    -0.000143171    -0.000135517
    -0.000119905    -0.000126585
     -3.0739e-05    -2.52435e-05
    -0.000935632    -0.000829711
     -1.3479e-05    -9.96315e-06
    -0.000106205     -9.2818e-05
    -0.000245983    -0.000318064
     -1.6634e-05    -1.41488e-05
     -5.2442e-05    -5.03811e-05
    -0.000129326    -0.000129221
     -4.0811e-05    -8.17217e-05
     -8.9376e-05    -0.000110803
     -9.3017e-05    -9.09255e-05
     -1.4318e-05    -1.12946e-05
     -2.7662e-05    -2.37528e-05
     -3.1907e-05    -3.10579e-05
     -2.7974e-05    -2.59676e-05
    -0.000256654    -0.000212741
    -0.000407663    -0.000432968
      -2.646e-05    -2.19721e-05
     -4.8753e-05    -5.09578e-05
    -0.000111554    -0.000133294
      -1.598e-05    -1.39474e-05
    -0.000411651    -0.000391642
     -8.2576e-05    -8.50125e-05
     -1.6044e-05    -1.19356e-05
     -4.9644e-05    -9.47341e-05
     -3.2216e-05    -2.91939e-05
     -9.8857e-05    -0.000125751
    -0.000679893    -0.000704019
    -0.000252243    -0.000271331
    -0.000185975    -0.000169017
     -1.3912e-05    -1.13814e-05
     -3.1481e-05    -2.87961e-05
     -2.4659e-05    -2.07193e-05
    -0.000176359    -0.000193944
    -0.000245668    -0.000211978
     -0.00043119    -0.000454101
    -0.000160489    -0.000162415
     -9.7284e-05    -0.000105974
    -0.000338607    -0.000503047
     -1.7386e-05    -1.34733e-05
    -0.000245091    -0.000246321
     -4.4207e-05    -3.80326e-05
    -0.000363096    -0.000450127
    -0.000142679    -0.000155137
     -2.3738e-05    -2.19686e-05
     -3.3426e-05    -2.43795e-05
     -6.6335e-05     -5.7817e-05
    -0.000172874    -0.000174804
     -5.2618e-05    -5.21524e-05
     -2.3007e-05     -2.1758e-05
    -0.000197517    -0.000202781
    -0.000130592    -0.000125275
     -2.7857e-05    -2.36519e-05
    -0.000177352    -0.000246372
     -5.2825e-05    -4.93927e-05
     -2.3171e-05    -2.23576e-05
      -0.0003108    -0.000260665
     -4.0935e-05    -3.99158e-05
     -9.5145e-05    -9.38342e-05
    -0.000144858    -0.000157554
    -0.000478426    -0.000495846
     -5.3976e-05    -4.99094e-05
      -1.436e-05    -1.02071e-05
    -0.000135961    -0.000120767
     -0.00015498    -0.000155723
    -0.000138885    -0.000156601
    -0.000130467    -0.000133691
    -0.000167852    -0.000173402
     -1.3558e-05    -1.20799e-05
     -1.5113e-05    -1.50719e-05
    -0.000142017     -0.00016808
     -1.2275e-05    -1.11486e-05
    -0.000743998    -0.000789744
     -1.9153e-05    -1.63028e-05
     -1.3715e-05    -1.26996e-05
    -0.000133794    -0.000141973
     -2.4032e-05     -1.9488e-05
     -6.3714e-05    -6.61371e-05
     -1.0641e-05    -9.52429e-06
     -0.00051563    -0.000448303
    -0.000162889    -0.000216343
     -9.6922e-05    -0.000161557
    -0.000180853    -0.000194008
     -4.8855e-05    -4.19816e-05
     -1.1064e-05    -9.98102e-06
     -6.7788e-05    -6.30116e-05
     -2.4094e-05    -2.31453e-05
     -8.5985e-05    -8.58377e-05
     -6.2549e-05    -6.18184e-05
     -3.6274e-05    -2.54352e-05
     -6.1791e-05    -5.26731e-05
     -0.00034356    -0.000391732
      -6.795e-05    -5.64371e-05
    -0.000525358    -0.000511393
     -7.1089e-05    -6.84945e-05
     -2.5061e-05     -2.0007e-05
     -7.9115e-05    -0.000130967
      -8.962e-06    -8.08111e-06
     -1.5004e-05    -1.49554e-05
     -3.8839e-05    -3.38243e-05
     -1.2957e-05    -9.82113e-06
     -2.7961e-05     -2.3625e-05
    -0.000623428    -0.000545673
     -7.0378e-05    -6.64465e-05
     -2.4945e-05    -1.94241e-05
     -7.4898e-05    -8.07614e-05
     -4.4329e-05    -6.43183e-05
     -4.4199e-05    -3.32369e-05
    -0.000394101    -0.000454592
     -1.7797e-05    -1.53588e-05
    -0.000685514    -0.000609588
     -3.7525e-05    -2.92013e-05
    -0.000442452    -0.000423345
     -6.3898e-05    -0.000119785
     -3.2241e-05    -3.04267e-05
     -1.7383e-05    -1.64457e-05
     -4.5779e-05    -3.17955e-05
     -4.2429e-05    -3.56929e-05
    -0.000220304    -0.000367047
    -0.000362876    -0.000366351
      -8.637e-05     -7.1119e-05
     -6.6116e-05    -6.37787e-05
    -0.000477382    -0.000396415
     -7.5911e-05    -6.44809e-05
    -0.000387317    -0.000374058
     -6.5469e-05    -5.27689e-05
     -6.7047e-05    -5.84984e-05
    -0.000542067    -0.000482301
     -5.0476e-05    -4.62311e-05
      -7.193e-05    -7.19243e-05
      -2.152e-05    -1.89419e-05
     -2.1284e-05     -2.2879e-05
    -0.000480029    -0.000477813
     -1.9357e-05    -1.67631e-05
    -0.000393615    -0.000449457
     -3.2711e-05    -3.06799e-05
     -2.6916e-05    -2.39432e-05
    -0.000111173    -0.000114303
    -0.000487126    -0.000528009
    -0.000186543    -0.000172701
     -4.1603e-05    -3.61022e-05
    -0.000390543    -0.000390156
     -2.1255e-05    -1.75683e-05
     -6.5806e-05    -6.96305e-05
    -0.000942132    -0.000847065
     -4.5496e-05     -4.6049e-05
    -0.000285277    -0.000295037
     -8.9877e-05    -9.73041e-05
    -0.000117673    -0.000166496
      -3.259e-05    -3.41476e-05
     -5.6234e-05     -6.2612e-05
    -0.000592538    -0.000512373
     -8.5668e-05    -8.52356e-05
      -8.813e-06    -7.84892e-06
     -0.00024668    -0.000373459
     -8.3875e-05    -8.23062e-05
     -2.1883e-05    -1.88795e-05
    -0.000203285     -0.00033947
     -3.3306e-05    -2.88792e-05
     -4.1582e-05    -3.56566e-05
    -0.000253875    -0.000272558
     -2.5808e-05    -2.33922e-05
     -1.5599e-05    -1.44892e-05
     -3.1496e-05    -2.88416e-05
     -1.4732e-05     -1.0558e-05
      -6.147e-05    -5.66226e-05
      -5.491e-05    -5.48437e-05
    -0.000459467    -0.000406959
     -4.3441e-05    -4.01032e-05
       -3.81e-05    -3.33216e-05
     -5.8614e-05     -5.6966e-05
    -0.000704739     -0.00060799
     -5.7276e-05    -8.80182e-05
     -1.6091e-05    -1.48877e-05
     -3.3047e-05    -3.13407e-05
     -9.3116e-05    -0.000134267
    -0.000106654    -9.02621e-05
      -2.097e-05    -1.98004e-05
     -4.8743e-05    -4.87835e-05
    -0.000303108     -0.00031629
    -0.000287006    -0.000319565
     -6.0133e-05    -5.30629e-05
    -0.000153691    -0.000207219
    -0.000436614    -0.000341362
    -0.000499305    -0.000565448
    -0.000307036    -0.000382833
    -0.000297733    -0.000309194
    -0.000147765    -0.000155582
     -0.00012324    -0.000121775
      -5.448e-05    -4.83699e-05
    -0.000309674    -0.000394154
    -0.000130702     -0.00020094
    -0.000393674    -0.000400675
      -5.619e-05    -7.93454e-05
     -7.1153e-05    -6.78426e-05
     -1.6656e-05    -1.36377e-05
     -9.8222e-05    -0.000117628
      -2.799e-05    -2.36139e-05
    -0.000152265     -0.00016422
    -0.000113318    -0.000111317
    -0.000749481    -0.000665196
     -6.1066e-05    -5.14088e-05
     -3.0995e-05    -2.84826e-05
     -6.3861e-05    -6.02384e-05
     -0.00016962    -0.000240586
    -0.000334038    -0.000366526
      -2.035e-05    -1.82302e-05
    -0.000181296    -0.000199478
     -2.6724e-05     -2.3706e-05
    -0.000126944    -0.000204439
     -0.00021329    -0.000221265
     -4.0888e-05    -3.54327e-05
     -2.7209e-05    -2.49624e-05
     -1.7126e-05    -1.61245e-05
     -2.1904e-05    -2.05264e-05
     -4.1426e-05    -3.83084e-05
    -0.000165876    -0.000242898
     -7.4802e-05    -6.43496e-05
     -3.8912e-05    -3.57022e-05
     -0.00048089    -0.000456456
     -8.8962e-05    -8.34193e-05
     -5.3036e-05    -4.80459e-05
     -8.8766e-05    -9.10151e-05
     -8.8609e-05    -8.95472e-05
    -0.000170368    -0.000222054
     -9.5416e-05    -9.07356e-05
    -0.000278304    -0.000234726
     -2.4435e-05    -2.71974e-05
    -0.000362864    -0.000339616
    -0.000160826    -0.000159256
      -2.498e-05    -2.15038e-05
     -6.2209e-05    -5.90207e-05
    -0.000455022    -0.000538271
    -0.000624496    -0.000535926
     -3.7529e-05    -3.47856e-05
      -5.839e-05    -5.89006e-05
    -0.000767772    -0.000795509
     -3.8245e-05     -3.7879e-05
     -7.4419e-05    -7.13728e-05
     -5.2326e-05    -4.22768e-05
     -4.0053e-05    -4.02519e-05
     -7.0077e-05      -6.002e-05
    -0.000318358    -0.000322401
    -0.000180556    -0.000223538
    -0.000129356    -0.000128951
     -2.3662e-05    -2.20367e-05
     -6.6422e-05    -6.57461e-05
     -9.8289e-05    -0.000166246
      -1.506e-05    -1.52484e-05
     -7.7241e-05    -7.43163e-05
      -9.538e-06    -8.95732e-06
      -6.344e-05    -6.08635e-05
     -2.4329e-05    -1.89796e-05
     -0.00030689    -0.000319706
    -0.000316898     -0.00039118
    -0.000556465    -0.000471521
     -4.2974e-05    -3.98842e-05
     -5.2256e-05    -4.20619e-05
    -0.000401469    -0.000489255
      -6.329e-06    -6.02298e-06
    -0.000208902    -0.000182929
     -6.2593e-05    -5.54617e-05
     -2.0566e-05    -1.82783e-05
    -0.000184262     -0.00024234
    -0.000172339    -0.000186093
    -0.000347377    -0.000343702
    -0.000297661    -0.000303768
     -2.4417e-05    -2.02788e-05
    -0.000693528    -0.000669532
     -5.8126e-05    -5.04357e-05
      -3.748e-05    -3.46202e-05
    -0.000417484    -0.000393894
     -2.3926e-05    -2.35447e-05
    -0.000253819    -0.000203759
     -3.7162e-05    -3.15197e-05
    -0.000124834    -0.000192496
     -3.0158e-05    -3.26208e-05
     -4.0092e-05      -3.549e-05
    -0.000205794    -0.000172944
     -6.3667e-05    -6.16932e-05
     -4.1479e-05    -4.06604e-05
      -9.347e-06    -1.02492e-05
     -4.5087e-05    -3.46862e-05
    -0.000239002    -0.000338871
    -0.000532081    -0.000432625
     -6.7582e-05    -6.55679e-05
    -0.000146589    -0.000214923
     -2.0569e-05    -1.68875e-05
     -7.9983e-05    -9.09425e-05
     -5.3457e-05    -5.26009e-05
      -0.0002512    -0.000256897
     -5.9605e-05     -5.9035e-05
    -0.000191137    -0.000212202
     -8.3284e-05    -0.000110179
    -0.000130059    -0.000160148
      -2.973e-05     -2.3724e-05
     -3.4895e-05    -3.42935e-05
     -2.8243e-05    -2.64426e-05
     -2.8472e-05     -2.2819e-05
    -0.000476284    -0.000454523
     -2.4895e-05    -2.36692e-05
    -0.000100376    -9.76273e-05
      -3.851e-05    -3.51741e-05
     -0.00049913    -0.000484595
    -0.000326248     -0.00034191
     -0.00040389    -0.000347954
     -1.1605e-05    -1.09035e-05
    -0.000381117    -0.000404496
     -9.4235e-05    -0.000224921
    -0.000148325    -0.000184682
      -6.953e-05    -6.98818e-05
     -8.4643e-05     -8.5156e-05
    -0.000267213    -0.000275312
    -0.000306161    -0.000304129
     -3.8648e-05     -3.5691e-05
    -0.000608212    -0.000615212
      -9.183e-06      -7.633e-06
    -0.000191972    -0.000160275
     -4.7272e-05    -4.27724e-05
     -2.9731e-05    -3.30803e-05
     -1.7941e-05    -1.17375e-05
     -5.8444e-05    -5.90701e-05
     -9.8877e-05    -0.000120993
    -0.000270575    -0.000251159
     -1.4999e-05    -1.14208e-05
     -4.3607e-05    -4.30857e-05
    -0.000358548    -0.000330542
     -1.3916e-05    -1.02689e-05
     -2.2061e-05    -1.91051e-05
     -3.7564e-05    -3.61798e-05
     -9.7719e-05    -9.89527e-05
     -3.4074e-05    -3.08643e-05
    -0.000201867    -0.000196437
    -0.000116413    -0.000160545
     -4.8383e-05    -4.19307e-05
     -2.9537e-05    -2.89603e-05
    -0.000156591    -0.000180154
    -0.000583145    -0.000629873
     -2.1661e-05    -1.69423e-05
      -7.244e-06    -7.10876e-06
     -3.0338e-05     -2.6366e-05
    -0.000884997    -0.000750969
     -1.8646e-05    -1.65547e-05
    -0.000556415    -0.000565797
     -1.1823e-05    -8.86876e-06
    -0.000105307    -0.000107373
     -0.00010442    -0.000111483
     -0.00115953    -0.000847655
    -0.000511132    -0.000449178
    -0.000387255    -0.000382108
     -8.0374e-05    -7.22262e-05
    -0.000428102    -0.000379954
     -2.1062e-05    -1.85925e-05
     -5.1201e-05    -4.32212e-05
    -0.000120899    -0.000105064
    -0.000240024    -0.000420512
     -3.8756e-05    -4.28335e-05
      -3.715e-05    -3.29153e-05
    -0.000195586    -0.000172208
     -2.0677e-05    -1.93101e-05
      -2.217e-05    -1.78026e-05
     -2.5882e-05    -2.62241e-05
    -0.000416294    -0.000388472
     -3.3025e-05    -2.92262e-05
     -1.3217e-05    -1.21499e-05
     -5.6466e-05    -5.60977e-05
    -0.000428436    -0.000464379
    -0.000198243    -0.000205867
    -0.000966111    -0.000842923
     -1.5772e-05    -1.30974e-05
     -3.3804e-05    -3.83513e-05
    -0.000133038    -0.000164712
     -3.8482e-05    -3.17074e-05
     -4.1581e-05    -3.87442e-05
     -7.6783e-05    -9.06928e-05
     -0.00027718    -0.000257553
     -3.6391e-05     -3.0987e-05
    -0.000381669    -0.000370083
     -2.0359e-05    -1.81429e-05
      -0.0001438    -0.000151562
    -0.000167798    -0.000241369
    -0.000108277    -0.000127074
     -1.5233e-05    -1.24651e-05
     -5.1293e-05    -4.87199e-05
     -8.4032e-05     -8.6126e-05
     -4.0786e-05    -4.62707e-05
     -4.0292e-05     -3.8664e-05
    -0.000100777    -0.000107117
    -0.000446052    -0.000496705
    -0.000686034    -0.000666545
    -0.000368908     -0.00030936
    -0.000252745    -0.000271794
     -7.8535e-05    -6.89558e-05
     -8.8837e-05    -9.53404e-05
    -0.000627181    -0.000549516
    -0.000106344    -0.000104485
    -0.000508865    -0.000592278
    -0.000144985    -0.000165415
    -0.000340487    -0.000482232
      -9.193e-05    -0.000103743
     -1.2033e-05    -9.39564e-06
     -2.9155e-05    -3.45111e-05
    -0.000195494    -0.000169856
     -6.1283e-05     -5.4468e-05
    -0.000186701    -0.000296297
     -5.2012e-05    -4.84941e-05
    -0.000470193    -0.000411772
    -0.000134018    -0.000161867
     -1.3257e-05     -1.4193e-05
    -0.000380564    -0.000425625
     -0.00018844    -0.000178206
    -0.000167722    -0.000176218
      -0.0002397    -0.000345142
     -1.9549e-05    -1.51069e-05
    -0.000122414    -0.000202001
     -6.4953e-05    -6.48543e-05
     -3.5557e-05    -2.79385e-05
      -6.606e-05    -7.10711e-05
     -3.2996e-05    -2.39341e-05
    -0.000252786    -0.000246911
    -0.000143205    -0.000163016
     -8.2741e-05    -0.000105852
    -0.000671755    -0.000547016
      -2.755e-05    -3.22476e-05
     -3.0273e-05    -2.96701e-05
     -1.6946e-05    -1.37108e-05
     -5.2889e-05    -6.90302e-05
     -2.0646e-05    -1.53304e-05
      -9.942e-05     -9.5055e-05
     -0.00063168    -0.000667459
     -0.00026547    -0.000408095
    -0.000384312    -0.000474941
    -0.000400028    -0.000364791
    -0.000274434    -0.000287455
    -0.000133674    -0.000170222
    -0.000142419    -0.000144135
       -2.23e-05    -1.85177e-05
    -0.000206539     -0.00026755
     -9.9646e-05    -0.000104602
     -0.00031183     -0.00031564
    -0.000117426    -0.000111969
     -4.8929e-05    -4.53839e-05
    -0.000119396    -0.000123762
     -1.6755e-05    -1.31023e-05
    -0.000147452    -0.000224941
     -6.4605e-05    -6.19752e-05
    -0.000260391    -0.000264978
     -3.2556e-05    -2.31291e-05
      -5.125e-05    -4.11285e-05
     -3.5543e-05    -3.12364e-05
     -1.0089e-05     -8.8151e-06
     -6.0997e-05    -4.91694e-05
     -3.5561e-05    -2.89779e-05
     -2.2013e-05    -2.39574e-05
    -0.000117016    -0.000143627
    -0.000210851    -0.000278091
     -2.5844e-05    -2.36094e-05
     -2.5805e-05    -2.15571e-05
     -5.1523e-05    -4.86362e-05
    -0.000428776    -0.000434582
    -0.000432331    -0.000504732
     -4.3382e-05      -3.742e-05
     -1.1308e-05    -1.12993e-05
     -0.00012087    -0.000134679
     -2.9967e-05    -2.65169e-05
     -2.9692e-05    -2.81253e-05
     -8.4525e-05    -8.33543e-05
     -4.1238e-05    -3.65788e-05
    -0.000263934    -0.000236993
     -1.1418e-05     -9.4075e-06
     -2.6601e-05     -1.9749e-05
    -0.000402602    -0.000438658
    -0.000324602    -0.000264031
     -8.7378e-05    -8.06587e-05
    -0.000183151    -0.000190628
    -0.000339484    -0.000354664
     -3.7435e-05    -2.99883e-05
    -0.000116467    -9.58146e-05
     -2.9043e-05    -2.50952e-05
     -1.8401e-05    -1.94044e-05
     -3.1813e-05    -3.20005e-05
     -1.4028e-05    -1.17543e-05
    -0.000218057    -0.000380455
    -0.000446236    -0.000417564
     -1.9189e-05    -1.79243e-05
    -0.000501196    -0.000504934
     -1.8755e-05    -1.56082e-05
    -0.000196658    -0.000179059
     -4.0973e-05    -3.70609e-05
    -0.000390511    -0.000444603
    -0.000218691    -0.000209745
    -0.000102379    -9.99712e-05
    -0.000223201    -0.000210781
    -0.000374724    -0.000407852
    -0.000419289    -0.000507902
     -0.00014411    -0.000167371
    -0.000190375      -0.0001949
     -2.1559e-05    -1.90877e-05
     -4.3569e-05     -4.1524e-05
     -2.0046e-05    -1.67138e-05
     -6.5357e-05    -5.87011e-05
     -3.1549e-05    -2.75892e-05
      -2.562e-05    -2.29049e-05
    -0.000603035    -0.000571554
     -8.7866e-05    -0.000100251
     -4.7471e-05    -4.19925e-05
     -2.5671e-05    -3.03924e-05
     -3.0796e-05    -2.82396e-05
     -7.6241e-05    -7.29317e-05
      -7.082e-05    -7.06592e-05
     -2.7902e-05    -3.17963e-05
     -4.0828e-05      -4.747e-05
     -5.3388e-05    -4.86478e-05
     -2.4658e-05    -1.82432e-05
      -5.374e-05    -4.95643e-05
    -0.000254774    -0.000262524
     -7.6452e-05    -6.77398e-05
     -7.9811e-05    -9.72686e-05
    -0.000281186    -0.000282228
     -2.0011e-05    -1.56931e-05
    -0.000521466    -0.000530861
     -1.9562e-05    -1.50234e-05
    -0.000474109    -0.000575765
       -4.02e-05    -2.98171e-05
    -0.000417434    -0.000464499
    -0.000162783    -0.000167419
    -0.000255716     -0.00026249
    -0.000237797    -0.000243061
      -6.824e-05    -6.96805e-05
     -2.3905e-05    -2.14028e-05
     -7.9948e-05    -8.05215e-05
     -2.0673e-05    -1.68312e-05
     -0.00027146    -0.000263576
    -0.000187594    -0.000195633
    -0.000295968     -0.00035135
     -2.1033e-05    -1.47421e-05
    -0.000351792    -0.000349259
     -5.4464e-05     -4.4582e-05
    -0.000144239    -0.000155081
      -4.993e-05    -8.65284e-05
     -4.3298e-05    -3.92091e-05
     -4.4899e-05    -4.37342e-05
     -3.2629e-05    -2.88814e-05
     -8.6236e-05    -0.000106329
     -2.6692e-05    -2.48244e-05
      -9.921e-05    -0.000106868
     -0.00014863     -0.00015786
    -0.000344486    -0.000368674
     -3.3041e-05    -2.91475e-05
    -0.000173476    -0.000158219
    -0.000123321      -0.0001131
     -4.2959e-05    -4.69891e-05
     -2.0658e-05    -2.04212e-05
     -3.2307e-05    -3.23769e-05
     -0.00021861    -0.000188307
     -3.9708e-05    -3.48905e-05
    -0.000133506    -0.000160413
     -6.9639e-05    -8.73738e-05
      -4.279e-05    -3.30421e-05
     -2.6313e-05    -2.02422e-05
     -1.6718e-05    -1.45382e-05
    -0.000433517    -0.000446393
    -0.000379852    -0.000347383
     -6.6018e-05    -7.06309e-05
     -5.6534e-05    -5.14858e-05
    -0.000214363      -0.0002399
    -0.000120698    -0.000118272
    -0.000522735    -0.000559382
    -0.000162469    -0.000181164
     -5.1587e-05    -8.14892e-05
     -6.4064e-05    -6.08189e-05
     -4.7915e-05    -4.29861e-05
       -7.97e-05    -7.84064e-05
     -1.7856e-05    -1.53349e-05
     -5.9451e-05    -4.71337e-05
     -0.00023663    -0.000344873
      -6.436e-05    -6.18946e-05
    -0.000284742    -0.000242448
     -6.2612e-05    -5.59016e-05
    -0.000146777    -0.000191391
    -0.000267597    -0.000301317
       -1.47e-05    -1.15732e-05
      -9.251e-06    -7.95385e-06
    -0.000539117    -0.000471737
     -3.1357e-05    -2.62935e-05
     -2.0849e-05    -1.75685e-05
     -2.9181e-05    -2.64732e-05
    -0.000137327    -0.000170999
    -0.000109703     -8.8732e-05
    -0.000557886    -0.000483042
    -0.000360657    -0.000385411
     -3.3884e-05    -3.10799e-05
    -0.000251906    -0.000233918
    -0.000239522    -0.000227727
     -4.4302e-05    -3.67943e-05
     -0.00150565    -0.000970309
     -1.2099e-05    -1.14017e-05
     -8.8014e-05    -8.79731e-05
     -2.6994e-05    -2.22728e-05
     -6.5008e-05    -7.92273e-05
     -3.2171e-05    -2.77728e-05
    -0.000118956    -0.000119785
     -4.5442e-05    -4.03126e-05
     -1.9597e-05    -2.05495e-05
      -1.278e-05    -1.06459e-05
     -2.5166e-05    -2.03849e-05
     -3.4221e-05    -2.81484e-05
    -0.000186788    -0.000237024
     -4.2731e-05    -3.77225e-05
    -0.000848117     -0.00070055
     -9.0222e-05    -0.000121903
    -0.000707783    -0.000656497
     -8.8776e-05    -9.86707e-05
       -1.79e-05     -1.5694e-05
     -2.2801e-05    -1.59251e-05
    -0.000126518    -0.000211703
     -2.7863e-05     -2.3356e-05
    -0.000317337    -0.000348772
     -1.5293e-05    -1.33559e-05
     -5.2382e-05    -4.98711e-05
    -0.000709025    -0.000662606
    -0.000195899      -0.0002019
    -0.000112784    -0.000174028
    -0.000428953    -0.000491747
    -0.000322688    -0.000331956
     -4.0863e-05    -3.27304e-05
     -5.2318e-05    -4.29306e-05
     -3.0279e-05    -2.49779e-05
    -0.000194949    -0.000166305
     -2.3746e-05    -2.13813e-05
    -0.000474916     -0.00048821
    -0.000225224    -0.000288692
     -7.1221e-05    -5.45362e-05
     -1.7354e-05     -1.5101e-05
    -0.000528781    -0.000506516
      -4.752e-05    -4.17307e-05
    -0.000501903    -0.000571648
    -0.000130582    -0.000138516
    -0.000543443    -0.000536656
     -0.00039703    -0.000382559
    -0.000524501    -0.000432954
     -2.8952e-05    -2.62873e-05
     -6.6304e-05    -7.65034e-05
     -2.8634e-05    -2.23974e-05
     -6.1248e-05    -5.22785e-05
     -2.8627e-05    -2.25756e-05
    -0.000428751    -0.000386207
     -1.8079e-05    -1.58843e-05
     -1.1592e-05    -1.08959e-05
    -0.000108839    -0.000108774
    -0.000271163    -0.000271246
     -1.4354e-05     -1.1082e-05
    -0.000142352    -0.000178056
    -0.000162053    -0.000219758
     -3.2693e-05    -4.10877e-05
     -2.1146e-05    -1.98782e-05
     -5.8233e-05    -5.49168e-05
     -3.4206e-05    -2.69249e-05
     -2.9101e-05    -2.98263e-05
    -0.000445386    -0.000423706
    -0.000115836     -0.00020844
     -7.2342e-05     -8.4937e-05
      -6.792e-05     -6.5161e-05
    -0.000182205    -0.000185498
     -1.8389e-05    -1.94026e-05
     -6.3569e-05    -6.01268e-05
     -3.0316e-05    -2.74384e-05
     -3.4738e-05    -3.03325e-05
     -7.9527e-05    -7.58406e-05
     -3.0993e-05    -3.04211e-05
     -2.6312e-05    -1.95573e-05
     -8.0892e-05    -8.27716e-05
    -0.000359302    -0.000369405
     -9.4867e-05    -0.000116259
    -0.000158673    -0.000162475
     -6.7309e-05     -6.6858e-05
     -8.3214e-05    -7.61879e-05
     -3.5506e-05    -3.13385e-05
     -8.3434e-05    -7.53493e-05
     -4.0429e-05    -2.70604e-05
    -0.000332474    -0.000402762
    -0.000146974    -0.000162942
     -9.6614e-05    -7.99453e-05
     -2.7975e-05     -2.6562e-05
     -9.5968e-05    -9.50559e-05
      -3.401e-05    -3.05806e-05
    -0.000190273    -0.000195084
     -2.2682e-05    -2.21327e-05
    -0.000228342    -0.000207893
     -3.4701e-05    -2.79092e-05
    -0.000132413    -0.000139061
     -6.9087e-05    -6.57383e-05
    -0.000289799    -0.000507651
    -0.000227006    -0.000252664
    -0.000197227    -0.000228249
    -0.000396726    -0.000476128
    -0.000506402    -0.000513874
     -9.7767e-05    -0.000111231
     -3.9575e-05    -3.17673e-05
     -1.9308e-05    -1.60215e-05
     -9.4514e-05    -0.000104608
    -0.000217726    -0.000250903
     -3.8613e-05    -3.27169e-05
     -6.1126e-05    -5.69218e-05
     -1.6492e-05    -1.67505e-05
    -0.000355468    -0.000331463
      -2.212e-05    -1.71925e-05
     -4.8433e-05    -5.12492e-05
     -1.6978e-05    -1.44902e-05
     -2.2028e-05    -1.79409e-05
     -2.9768e-05    -2.41066e-05
    -0.000104533    -0.000100564
     -4.7303e-05    -4.20801e-05
     -8.4742e-05    -0.000111718
     -2.3305e-05    -1.64982e-05
     -6.7012e-05    -0.000127839
     -2.9667e-05    -2.34625e-05
     -0.00012875    -0.000150594
     -1.7383e-05    -1.33262e-05
    -0.000621892    -0.000580908
     -2.4323e-05    -1.97442e-05
     -7.0217e-05     -0.00013331
    -0.000282677    -0.000316869
     -0.00019205    -0.000199984
    -0.000231373    -0.000317629
     -2.6713e-05    -2.69489e-05
    -0.000133534    -0.000182534
     -3.5951e-05    -2.50155e-05
     -3.1181e-05    -2.52552e-05
     -3.1391e-05    -2.86907e-05
     -0.00016444    -0.000278301
    -0.000218864    -0.000271272
     -1.1214e-05    -9.35007e-06
    -0.000360381    -0.000484836
     -2.4045e-05     -1.9432e-05
    -0.000160773    -0.000159542
