# Eelst 		 Emultipole 
     -0.00085569      -0.00035119
     -0.00340719      -0.00032963
     -0.00132223       0.00003818
     -0.00416643      -0.00037446
     -0.00021515      -0.00012943
     -0.00298068      -0.00071856
     -0.00084395      -0.00020289
     -0.00253255      -0.00038043
     -0.00005564       0.00026315
     -0.00010966      -0.00001077
     -0.00046977      -0.00011698
     -0.00660791       0.00154888
     -0.00059387       0.00001542
     -0.00185526       0.00106639
     -0.00025434      -0.00015570
     -0.00074788      -0.00038400
     -0.00428111       0.00092152
      0.00006065       0.00013172
     -0.00027221      -0.00018635
     -0.00149095      -0.00007914
     -0.00287675      -0.00026255
     -0.00029981       0.00036122
     -0.00026770      -0.00012995
     -0.00348845      -0.00018972
     -0.00004664       0.00003505
      0.00006137       0.00010894
     -0.00032036      -0.00018259
     -0.00099440       0.00027330
     -0.00536114       0.00081743
     -0.00112688      -0.00019781
     -0.00046873      -0.00016265
     -0.00244779      -0.00014818
     -0.00143644      -0.00054982
     -0.00310083      -0.00011793
     -0.00145739       0.00010923
     -0.00040624       0.00062750
     -0.00012297      -0.00003497
     -0.00100540      -0.00001148
     -0.00647726      -0.00022145
     -0.00066190      -0.00011471
     -0.00045833      -0.00004571
     -0.00002843       0.00014687
     -0.00013206       0.00002762
     -0.00000894       0.00036724
     -0.00122908      -0.00046859
      0.00001942       0.00010075
     -0.00016337       0.00019819
     -0.00476586      -0.00036510
     -0.00358789       0.00124055
     -0.00262940       0.00009070
     -0.00092001       0.00032892
     -0.00041736      -0.00011209
     -0.00133355       0.00028184
     -0.00479761      -0.00039983
     -0.00116172      -0.00029729
      0.00019617       0.00039445
     -0.00003231       0.00003990
     -0.00307443      -0.00085300
     -0.00528864      -0.00073687
     -0.00010591      -0.00001865
     -0.00046029      -0.00021472
     -0.00307176       0.00045233
     -0.00134722       0.00007544
     -0.00064673      -0.00039402
     -0.00320761      -0.00089910
     -0.00048772       0.00041156
     -0.00097423      -0.00022491
     -0.00004118       0.00013036
     -0.00158183      -0.00005004
     -0.00135739       0.00000135
     -0.00020791       0.00043662
     -0.00015785      -0.00001411
     -0.00036276      -0.00010876
     -0.00174641       0.00016188
     -0.00883330       0.00127170
      0.00004666       0.00018001
     -0.00017419       0.00015523
     -0.00039204       0.00026968
     -0.00360677      -0.00030170
     -0.00705169      -0.00043766
     -0.00125487      -0.00048385
     -0.00059306       0.00014635
     -0.00249156      -0.00059884
     -0.00155333      -0.00045784
     -0.00092832      -0.00015073
     -0.00264757      -0.00065483
     -0.00166137      -0.00063157
     -0.00053241      -0.00009564
     -0.00187705       0.00019171
     -0.00036887       0.00082504
     -0.00038935      -0.00009468
     -0.00594073      -0.00070590
     -0.00005275       0.00012387
     -0.00252679       0.00011375
     -0.00155964      -0.00012757
     -0.00349596      -0.00013201
     -0.00290585      -0.00074643
     -0.00102056      -0.00042581
     -0.00319675       0.00111517
     -0.00031417      -0.00015160
     -0.00015559      -0.00004595
     -0.00146934      -0.00049170
     -0.00118998       0.00008742
     -0.00085541      -0.00035517
     -0.00014927       0.00037934
     -0.00179555       0.00019875
     -0.00584190      -0.00061744
     -0.00060658       0.00033700
     -0.00223164       0.00011587
     -0.00390175      -0.00038320
     -0.00223389      -0.00006547
     -0.00249261       0.00029807
     -0.00339049      -0.00061204
     -0.00143448       0.00009775
     -0.00197940      -0.00032914
     -0.00102682       0.00027050
     -0.00011260      -0.00002972
     -0.00213856      -0.00054935
     -0.00209330       0.00064123
     -0.00618804      -0.00086192
     -0.00656044      -0.00030552
     -0.00789818       0.00048050
     -0.00019017      -0.00008349
     -0.00144321      -0.00010328
     -0.00298676       0.00067976
     -0.00274670       0.00042610
     -0.00039226      -0.00014134
      0.00001700       0.00023892
     -0.00606094      -0.00117794
     -0.00470839       0.00023115
     -0.00112644      -0.00013633
     -0.00516369       0.00051359
     -0.00186207      -0.00044178
     -0.00028512       0.00005509
     -0.00010191       0.00034299
      0.00002428       0.00007193
     -0.00022881      -0.00007952
     -0.00023799      -0.00012428
     -0.00117094      -0.00055476
     -0.00111994       0.00033658
     -0.00208816       0.00006843
     -0.00407506       0.00057006
     -0.00010338      -0.00003920
     -0.00111375       0.00019560
     -0.00097163      -0.00036666
     -0.00085604       0.00025099
     -0.00007520       0.00002416
     -0.00023011      -0.00007616
     -0.00397802      -0.00047522
     -0.00177723       0.00021423
     -0.00038796       0.00007538
     -0.00000680       0.00006206
     -0.00156033      -0.00002925
     -0.00018231      -0.00008503
     -0.00424838      -0.00003918
     -0.00028515       0.00030337
     -0.00123304       0.00041117
     -0.00226418       0.00021974
     -0.01303742       0.00014286
     -0.00030867       0.00021124
     -0.00494022      -0.00051512
     -0.00273875       0.00123861
      0.00016651       0.00035163
     -0.00031762       0.00010077
     -0.00041715      -0.00023351
     -0.00009457       0.00002029
     -0.00026850      -0.00004514
     -0.00040897      -0.00008386
     -0.00548646      -0.00087328
     -0.00135717       0.00023483
     -0.00069277      -0.00037495
     -0.00133486      -0.00020291
     -0.00208982      -0.00017968
     -0.00023675      -0.00009697
     -0.00045614       0.00000547
     -0.00477426       0.00133334
     -0.00238691      -0.00021644
     -0.00105640      -0.00009618
     -0.00015706       0.00072446
     -0.00018450      -0.00000489
     -0.00111998      -0.00007386
     -0.00048806      -0.00011624
     -0.00018812      -0.00003328
     -0.00030780      -0.00013581
     -0.00266853      -0.00035778
     -0.00006014       0.00001167
      0.00017262       0.00034304
     -0.00017617      -0.00008326
     -0.00041301      -0.00000840
     -0.00179549      -0.00017298
     -0.00190465       0.00099047
     -0.00017716       0.00023627
     -0.00249376      -0.00040190
     -0.00011956      -0.00003521
     -0.00017933       0.00022257
      0.00005123       0.00030158
     -0.00096885      -0.00025735
     -0.00000055       0.00009165
     -0.00016897      -0.00009845
     -0.00808580      -0.00052431
     -0.00016558      -0.00007744
     -0.00049141       0.00010179
     -0.00100595       0.00036742
     -0.00000338       0.00006087
     -0.00088792       0.00064336
      0.00005475       0.00015753
     -0.00006396       0.00009520
     -0.00241845      -0.00061651
     -0.00171298      -0.00057444
     -0.00447906      -0.00032072
     -0.00018230       0.00014824
      0.00004054       0.00009145
     -0.00014056      -0.00007542
     -0.00014950      -0.00001319
      0.00004542       0.00016563
     -0.00091578      -0.00013464
     -0.00283196       0.00004589
     -0.00049173      -0.00002273
     -0.00038665      -0.00023133
     -0.00195605      -0.00053642
     -0.00422572      -0.00111638
     -0.00098389       0.00000421
     -0.00059698      -0.00029275
     -0.00063476       0.00017580
     -0.00041607      -0.00023183
     -0.00024101       0.00015195
     -0.00626729      -0.00057706
     -0.00146447      -0.00034884
     -0.00179127      -0.00005955
     -0.00270614       0.00111813
     -0.00415252      -0.00012597
     -0.00021561       0.00068886
     -0.00079718      -0.00023046
     -0.00080586       0.00058640
     -0.00771677      -0.00014696
     -0.00203241      -0.00043106
     -0.00060604      -0.00007268
     -0.00805977       0.00114114
     -0.00575618      -0.00113120
     -0.01047253       0.00075871
     -0.00728614      -0.00065616
     -0.00007067       0.00018012
      0.00006128       0.00012272
     -0.00199925      -0.00064966
     -0.00075186      -0.00030807
     -0.00061014       0.00003439
      0.00022977       0.00040087
     -0.00062516      -0.00002860
     -0.00065044       0.00003523
     -0.00489649      -0.00088475
     -0.00105884       0.00110215
     -0.00693329       0.00142430
     -0.00225997       0.00058578
     -0.00150479      -0.00046270
     -0.00190363      -0.00064654
     -0.00010001       0.00005949
     -0.01371781       0.00116078
     -0.00010587      -0.00007899
     -0.00075225      -0.00012524
     -0.00421704       0.00141785
     -0.00008124      -0.00000505
      0.00003494       0.00021610
     -0.00101032      -0.00025093
     -0.00114088      -0.00017901
     -0.00091841       0.00018397
     -0.00115959      -0.00038787
      0.00005816       0.00011722
      0.00016792       0.00026289
     -0.00006068       0.00004313
     -0.00043317      -0.00021105
     -0.00201237      -0.00026592
     -0.00555752       0.00084064
     -0.00029858      -0.00014612
     -0.00012878       0.00052895
     -0.00131512       0.00077276
     -0.00008420      -0.00000144
     -0.00383381       0.00058285
     -0.00019810       0.00076078
     -0.00024368      -0.00019302
     -0.00133698      -0.00017127
      0.00017755       0.00033538
     -0.00136487       0.00008498
     -0.01073847      -0.00072815
     -0.00313452      -0.00047574
     -0.00213496      -0.00065464
     -0.00005259       0.00000956
     -0.00052430      -0.00027805
     -0.00027815      -0.00011392
     -0.00270818      -0.00061105
     -0.00231991      -0.00045081
     -0.00332711       0.00105716
     -0.00108679       0.00001735
     -0.00049138       0.00057139
     -0.00937072      -0.00015373
      0.00005317       0.00011191
     -0.00316542      -0.00076471
      0.00002621       0.00027183
     -0.00668701      -0.00068837
     -0.00104232       0.00029594
     -0.00003711       0.00006238
      0.00017443       0.00033505
     -0.00029103       0.00011571
     -0.00074733       0.00035271
     -0.00004278       0.00015514
     -0.00034073      -0.00017241
     -0.00029088       0.00050467
     -0.00137525      -0.00026961
     -0.00032811      -0.00017010
     -0.00333697       0.00032847
     -0.00004281       0.00017160
     -0.00021528      -0.00003132
     -0.00313590      -0.00087129
     -0.00056893      -0.00022734
     -0.00101619      -0.00017687
     -0.00151125      -0.00015743
     -0.00724746      -0.00103770
      0.00005821       0.00021331
      0.00013607       0.00017674
     -0.00165206      -0.00061725
     -0.00180274      -0.00065441
     -0.00125895       0.00013005
     -0.00032782       0.00022274
     -0.00155971      -0.00028158
     -0.00020288      -0.00011911
     -0.00017720      -0.00008782
     -0.00126975       0.00013639
     -0.00014536      -0.00005869
     -0.00521045       0.00002239
     -0.00026060      -0.00016422
      0.00002077       0.00010075
     -0.00082343       0.00014609
     -0.00025524      -0.00015724
     -0.00023787       0.00037439
      0.00009356       0.00014126
     -0.00390609      -0.00011319
     -0.00236845       0.00057806
     -0.00142837       0.00073472
     -0.00176794       0.00002927
     -0.00048900      -0.00017982
     -0.00009222      -0.00002803
     -0.00037590       0.00003906
     -0.00003503       0.00003832
     -0.00063314       0.00013769
     -0.00013426       0.00042691
      0.00015007       0.00025125
     -0.00048683      -0.00015181
     -0.00333557      -0.00008293
     -0.00071378      -0.00033969
     -0.00610040       0.00068255
     -0.00032109       0.00010243
     -0.00008455       0.00001833
     -0.00195062      -0.00014541
     -0.00001528       0.00002819
     -0.00015267      -0.00002279
     -0.00016879       0.00002320
     -0.00023804      -0.00019078
     -0.00031054      -0.00018850
     -0.00586543      -0.00128508
     -0.00057285      -0.00006210
      0.00021557       0.00036237
     -0.00072169       0.00016415
     -0.00078405      -0.00012152
     -0.00051333      -0.00032838
     -0.00561454       0.00023688
     -0.00026999      -0.00018974
     -0.00492114      -0.00008850
      0.00023740       0.00041006
     -0.00556088       0.00120240
     -0.00181454      -0.00031804
      0.00012299       0.00021871
      0.00006078       0.00019477
      0.00035246       0.00051923
     -0.00044278      -0.00018187
     -0.00366103       0.00147484
     -0.00432194      -0.00003091
     -0.00085936      -0.00033147
     -0.00084672      -0.00023327
     -0.00463119      -0.00082823
     -0.00035358       0.00006439
     -0.00311179       0.00000553
     -0.00043530      -0.00010955
     -0.00060899      -0.00015579
     -0.00417786      -0.00012502
     -0.00056840      -0.00021029
     -0.00033895       0.00046973
      0.00008474       0.00016585
     -0.00027055      -0.00005173
     -0.00202362       0.00062391
     -0.00003905       0.00007389
     -0.00504818      -0.00019361
     -0.00015067      -0.00002867
      0.00004841       0.00015515
     -0.00074766       0.00000263
     -0.00763497       0.00022785
     -0.00225076      -0.00064759
     -0.00043980      -0.00019685
     -0.00133333       0.00061204
     -0.00021229      -0.00010863
     -0.00080990      -0.00011556
     -0.01046485       0.00023006
     -0.00037375       0.00006269
     -0.00113419       0.00013014
     -0.00043410       0.00050814
     -0.00136026       0.00069028
     -0.00004646       0.00038734
     -0.00077859      -0.00006735
     -0.00454461      -0.00028217
     -0.00026482       0.00007927
     -0.00014748      -0.00009975
     -0.00519001       0.00069855
     -0.00128869      -0.00028351
      0.00005003       0.00013524
     -0.00538462      -0.00029235
     -0.00045642      -0.00025086
     -0.00052299      -0.00029554
     -0.00093170       0.00047024
      0.00009670       0.00016391
      0.00005019       0.00014939
     -0.00021527      -0.00006257
     -0.00018508      -0.00014783
     -0.00057025      -0.00023329
     -0.00042848       0.00007659
     -0.00527318      -0.00130194
     -0.00047179      -0.00013211
     -0.00030590      -0.00006922
      0.00001767       0.00019908
     -0.00773160      -0.00131068
     -0.00143405      -0.00026841
     -0.00009400      -0.00000321
     -0.00049476      -0.00025601
     -0.00172923      -0.00028009
     -0.00091127      -0.00024551
     -0.00011747       0.00001601
     -0.00015944       0.00003803
     -0.00184012      -0.00009949
     -0.00180316       0.00007150
     -0.00033145       0.00002087
     -0.00280026      -0.00006374
     -0.00382902      -0.00091476
     -0.00951240      -0.00010572
     -0.00467284       0.00058908
     -0.00180082       0.00007725
     -0.00113076       0.00007670
     -0.00154957      -0.00052510
     -0.00030231      -0.00002148
     -0.00551650       0.00096490
     -0.00198075       0.00057954
     -0.00142557       0.00033145
     -0.00101323      -0.00003502
     -0.00018038       0.00012558
      0.00001258       0.00008888
     -0.00113448       0.00041622
      0.00017162       0.00045143
     -0.00062845       0.00024324
     -0.00032836       0.00028932
     -0.00557993      -0.00066587
     -0.00073004      -0.00033664
     -0.00013097      -0.00002607
      0.00007241       0.00024179
     -0.00329032      -0.00047803
     -0.00239486       0.00087049
      0.00012302       0.00019321
     -0.00118583       0.00018366
     -0.00031961      -0.00011132
     -0.00265072       0.00052031
     -0.00051257       0.00043863
     -0.00038246      -0.00013236
     -0.00008141       0.00016648
      0.00008812       0.00025636
     -0.00018876      -0.00004287
     -0.00015137       0.00021710
     -0.00337009       0.00034953
     -0.00062969      -0.00017774
     -0.00011979       0.00009156
     -0.00491682       0.00069458
     -0.00053227      -0.00001151
     -0.00004122       0.00025348
     -0.00000154       0.00031308
     -0.00098739      -0.00023112
     -0.00285751       0.00067476
     -0.00026099       0.00025275
     -0.00219980      -0.00008906
     -0.00028930      -0.00007892
     -0.00307646      -0.00024288
     -0.00154219      -0.00040817
      0.00007504       0.00015087
     -0.00044678      -0.00005486
     -0.00314529       0.00147374
     -0.00494921      -0.00008368
     -0.00046275      -0.00018487
     -0.00033758       0.00003697
     -0.00935557      -0.00016526
     -0.00013954       0.00010221
     -0.00021267       0.00010609
      0.00017844       0.00044864
     -0.00005138       0.00018999
     -0.00079508      -0.00038545
     -0.00440206      -0.00098464
     -0.00240221       0.00130291
     -0.00133017      -0.00044155
     -0.00036876      -0.00019809
     -0.00064607      -0.00013585
     -0.00274070      -0.00045976
     -0.00017414      -0.00007213
     -0.00088238      -0.00024073
     -0.00014694      -0.00010314
     -0.00002213       0.00017977
      0.00008908       0.00020451
     -0.00180352      -0.00013907
     -0.00608068      -0.00045935
     -0.00617546      -0.00113470
     -0.00035468      -0.00012516
     -0.00049773      -0.00022873
     -0.00753535      -0.00015156
     -0.00008914      -0.00003859
     -0.00164516      -0.00032197
     -0.00048911      -0.00007013
      0.00012698       0.00017040
     -0.00270138       0.00147791
     -0.00188479      -0.00034819
     -0.00491234      -0.00115773
     -0.00105998       0.00015892
     -0.00011358      -0.00000623
     -0.00581785      -0.00041559
      0.00027329       0.00073586
     -0.00003997       0.00013246
     -0.00290777      -0.00002646
     -0.00023305      -0.00006933
     -0.00205612      -0.00034513
     -0.00051211      -0.00029204
     -0.00149506       0.00129917
     -0.00054730      -0.00019486
     -0.00017308       0.00000376
     -0.00165078      -0.00034087
     -0.00016015       0.00008034
     -0.00032592      -0.00013406
     -0.00018847      -0.00007990
     -0.00032207      -0.00013358
     -0.00484579      -0.00030992
     -0.00418528      -0.00008587
     -0.00010550       0.00017346
     -0.00261653       0.00065242
      0.00000588       0.00008471
     -0.00038421       0.00056272
     -0.00048376      -0.00008411
     -0.00125059       0.00015397
     -0.00078381      -0.00032184
     -0.00052449       0.00072737
     -0.00149752      -0.00023054
     -0.00204426      -0.00036892
     -0.00006068       0.00006911
     -0.00018872       0.00017449
     -0.00022577      -0.00001040
     -0.00047889      -0.00032076
     -0.00636906      -0.00133762
      0.00000885       0.00026146
     -0.00130454      -0.00058796
      0.00005922       0.00017359
     -0.00712323       0.00067720
     -0.00043977       0.00092605
     -0.00316903       0.00004739
     -0.00005049       0.00002610
     -0.00207427       0.00107883
     -0.00350443      -0.00014274
     -0.00119670       0.00078226
     -0.00069916      -0.00029360
     -0.00098161      -0.00017997
     -0.00165779       0.00003471
     -0.00210549      -0.00023991
     -0.00005900       0.00018210
     -0.00837079       0.00210965
      0.00010225       0.00015132
     -0.00206717      -0.00074199
     -0.00029937       0.00000181
     -0.00057931      -0.00024204
      0.00026634       0.00031257
     -0.00065011      -0.00003423
     -0.00099592       0.00032175
     -0.00168209       0.00000461
      0.00010802       0.00016366
     -0.00004589       0.00030323
     -0.00443876      -0.00012755
     -0.00016326      -0.00012892
     -0.00029314      -0.00016757
     -0.00011835       0.00008213
     -0.00014863       0.00055390
     -0.00014114       0.00004413
     -0.00243889      -0.00053794
     -0.00227236      -0.00028176
     -0.00041059      -0.00008737
     -0.00001884       0.00013350
     -0.00198955      -0.00016581
     -0.00510279       0.00174813
     -0.00003039       0.00005155
     -0.00012516      -0.00006696
     -0.00040508      -0.00023041
     -0.00988079      -0.00102507
      0.00004618       0.00010670
     -0.00922092       0.00236134
      0.00012269       0.00016603
     -0.00072802      -0.00006967
     -0.00044007       0.00009220
     -0.01630185      -0.00005413
     -0.00698210      -0.00066158
     -0.00155786       0.00041612
     -0.00047629      -0.00002036
     -0.00422309      -0.00065970
      0.00004045       0.00010757
     -0.00055529      -0.00027934
     -0.00103780      -0.00029791
     -0.00590158       0.00175479
     -0.00043304      -0.00005451
     -0.00025469      -0.00002925
     -0.00146625      -0.00021085
      0.00002888       0.00010097
     -0.00024770      -0.00013990
     -0.00033743      -0.00016656
     -0.00449055      -0.00058988
      0.00003870       0.00030635
      0.00003733       0.00010479
     -0.00042756       0.00013417
     -0.00260629       0.00065192
     -0.00161069      -0.00036438
     -0.01367086       0.00154442
     -0.00007902      -0.00000929
     -0.00035208      -0.00000449
     -0.00229686      -0.00028533
     -0.00050470      -0.00028009
     -0.00008382       0.00025529
     -0.00082740       0.00025899
     -0.00338596      -0.00092256
     -0.00004182       0.00016475
     -0.00499473      -0.00089200
     -0.00007807      -0.00001221
     -0.00091762      -0.00009217
     -0.00273790      -0.00001932
     -0.00098756       0.00020520
      0.00010303       0.00020976
     -0.00045837      -0.00006939
     -0.00070342       0.00007327
     -0.00034848       0.00020385
     -0.00005889       0.00013218
     -0.00134271      -0.00036393
     -0.00852947       0.00050846
     -0.00919991       0.00163094
     -0.00393904      -0.00080836
     -0.00035146       0.00085111
     -0.00079274      -0.00023695
     -0.00065414      -0.00004871
     -0.00692161      -0.00097492
     -0.00054051      -0.00002889
     -0.01047935       0.00006758
     -0.00118347       0.00040119
     -0.00522148       0.00174480
     -0.00034554       0.00039988
      0.00013826       0.00021130
     -0.00022189       0.00017465
     -0.00137343      -0.00015087
     -0.00075525      -0.00030988
     -0.00380972       0.00000697
     -0.00028435       0.00000362
     -0.00554736      -0.00042108
     -0.00162430       0.00030517
     -0.00023957      -0.00011923
     -0.00660049       0.00056113
     -0.00193148      -0.00022302
     -0.00054888       0.00070491
     -0.00511407      -0.00034395
     -0.00018894      -0.00010965
     -0.00257918       0.00010290
     -0.00048329      -0.00015603
     -0.00026100      -0.00013260
     -0.00081903      -0.00011740
      0.00009896       0.00022180
     -0.00147910       0.00003737
     -0.00212329      -0.00024749
     -0.00142108      -0.00021623
     -0.00488558      -0.00006198
     -0.00036714      -0.00005461
     -0.00028901      -0.00004742
      0.00004076       0.00012780
     -0.00088332      -0.00002136
      0.00010043       0.00016700
     -0.00034628       0.00015766
     -0.00768098       0.00206819
     -0.00627045       0.00004950
     -0.00609487      -0.00029540
     -0.00480558      -0.00018426
     -0.00154566      -0.00004311
     -0.00222155      -0.00050276
     -0.00183205      -0.00072932
     -0.00001607       0.00009624
     -0.00271271       0.00056898
     -0.00143913      -0.00042790
     -0.00344637      -0.00023740
     -0.00083793      -0.00009812
     -0.00061010      -0.00022983
     -0.00136935      -0.00035928
     -0.00021058      -0.00013721
     -0.00229927       0.00133510
     -0.00020898       0.00020947
     -0.00168037       0.00038109
     -0.00037927      -0.00026511
      0.00003904       0.00038817
     -0.00016940       0.00002395
     -0.00000560       0.00003957
      0.00006659       0.00045411
     -0.00022459      -0.00006259
     -0.00029556       0.00000582
     -0.00150291       0.00003040
     -0.00382414      -0.00046540
     -0.00001742       0.00006503
     -0.00030544      -0.00015700
     -0.00047534      -0.00007828
     -0.00116693       0.00046192
     -0.00764225      -0.00038921
     -0.00059555      -0.00031864
     -0.00018207      -0.00008513
     -0.00150764      -0.00014488
      0.00001421       0.00025432
     -0.00003219       0.00011464
     -0.00069520      -0.00003012
     -0.00006379       0.00022897
     -0.00245607      -0.00046082
      0.00011383       0.00018535
      0.00002679       0.00013502
     -0.00214992       0.00063595
     -0.00309546      -0.00089126
     -0.00055778      -0.00002109
     -0.00060346       0.00026842
     -0.00506064      -0.00102277
     -0.00046486      -0.00028161
     -0.00125290      -0.00053259
      0.00000127       0.00023025
     -0.00009866       0.00009211
     -0.00009319       0.00006451
     -0.00019832      -0.00011776
     -0.00644261      -0.00005663
     -0.00506782      -0.00113105
     -0.00021674      -0.00008411
     -0.00438121      -0.00042177
     -0.00004449       0.00005418
     -0.00187816      -0.00046529
     -0.00007615       0.00014600
     -0.00778994      -0.00027416
     -0.00149067      -0.00003899
     -0.00052080       0.00001899
     -0.00187143      -0.00010059
     -0.00493134       0.00008632
     -0.00527578      -0.00007840
     -0.00087778       0.00023917
     -0.00039343       0.00032218
     -0.00006807       0.00007146
     -0.00069452      -0.00035233
     -0.00005994       0.00004581
     -0.00071960      -0.00030118
     -0.00018013      -0.00001563
      0.00015073       0.00020950
     -0.00785269      -0.00100247
     -0.00055332       0.00061382
     -0.00068838      -0.00032504
     -0.00034603      -0.00010345
      0.00002255       0.00010696
     -0.00003297       0.00019698
     -0.00007568       0.00024889
     -0.00020419       0.00005592
     -0.00037541       0.00010837
     -0.00020990       0.00023577
     -0.00013988      -0.00005675
     -0.00002174       0.00019117
     -0.00095372       0.00016239
     -0.00067197      -0.00017050
     -0.00106476       0.00013271
     -0.00251973      -0.00007649
     -0.00010793      -0.00002490
     -0.00397579      -0.00042737
      0.00006434       0.00012954
     -0.01096250      -0.00006985
      0.00033190       0.00054218
     -0.00614489      -0.00059088
     -0.00089874       0.00009064
     -0.00050954       0.00042423
     -0.00376747      -0.00056467
     -0.00106371      -0.00039294
     -0.00011370       0.00001435
     -0.00070229      -0.00025667
     -0.00024720      -0.00018224
     -0.00365457      -0.00070031
     -0.00075419       0.00030426
     -0.00359966       0.00014655
      0.00009797       0.00015175
     -0.00111838       0.00048417
     -0.00056457      -0.00026912
     -0.00185589      -0.00030771
     -0.00121882      -0.00023027
     -0.00000148       0.00035887
     -0.00024175      -0.00005110
      0.00004905       0.00038691
     -0.00081188       0.00036020
      0.00013255       0.00019984
     -0.00024530       0.00041066
     -0.00215405      -0.00065384
     -0.00357892       0.00015609
     -0.00004271       0.00011402
     -0.00133059      -0.00006421
     -0.00098173      -0.00008827
     -0.00044309       0.00006610
     -0.00024192      -0.00013096
     -0.00012225       0.00015094
     -0.00278159      -0.00064716
     -0.00043017      -0.00013764
     -0.00084187       0.00021361
     -0.00102109      -0.00002637
     -0.00018464      -0.00003521
     -0.00038782      -0.00027613
     -0.00027561      -0.00016863
     -0.00200168       0.00018355
     -0.00405786      -0.00058494
     -0.00035090       0.00068245
     -0.00023371       0.00017190
     -0.00305917      -0.00057445
     -0.00053366       0.00008132
     -0.00402514       0.00044329
     -0.00115945       0.00019201
     -0.00109980      -0.00008923
     -0.00059958      -0.00006416
     -0.00064968      -0.00031755
     -0.00062691      -0.00017205
     -0.00006852      -0.00001296
      0.00036373       0.00067615
     -0.00552547      -0.00048360
      0.00021634       0.00081471
     -0.00273654      -0.00072510
     -0.00025666       0.00005755
     -0.00194653       0.00044725
     -0.00471792      -0.00054333
      0.00017243       0.00029352
      0.00003557       0.00007003
     -0.00613613      -0.00109009
     -0.00045104      -0.00027215
     -0.00020594      -0.00009200
     -0.00035276      -0.00018230
     -0.00150642       0.00099771
     -0.00108483      -0.00045512
     -0.00626820      -0.00119104
     -0.00648226      -0.00052333
     -0.00015367       0.00002700
     -0.00259831       0.00023544
     -0.00237026      -0.00063310
      0.00022739       0.00057652
     -0.01621148       0.00186293
     -0.00007927       0.00000085
     -0.00058353       0.00058017
     -0.00006732       0.00009372
     -0.00117067      -0.00025407
     -0.00025313      -0.00005464
     -0.00047598       0.00017408
     -0.00010328       0.00018386
     -0.00031084      -0.00015013
     -0.00001881       0.00003606
      0.00007246       0.00016964
     -0.00031792      -0.00017177
     -0.00197116       0.00004503
      0.00012286       0.00041980
     -0.01101696       0.00109213
     -0.00053579       0.00098492
     -0.01110598       0.00187801
     -0.00083146       0.00017844
      0.00014630       0.00017149
     -0.00028411      -0.00021528
     -0.00296577      -0.00028905
     -0.00043017      -0.00027207
     -0.00232111       0.00044391
     -0.00011480      -0.00004834
     -0.00016112       0.00004323
     -0.00766353      -0.00174464
     -0.00093344       0.00004364
     -0.00152637       0.00106512
     -0.00696324       0.00103252
     -0.00387854      -0.00090492
      0.00004522       0.00025392
     -0.00001344       0.00025201
     -0.00047820      -0.00027900
     -0.00189844      -0.00057056
     -0.00038464      -0.00022869
     -0.00177931       0.00038527
     -0.00487225      -0.00031187
     -0.00066157      -0.00034136
      0.00007646       0.00012220
     -0.00735534      -0.00035906
     -0.00056944      -0.00029360
     -0.00718844       0.00004364
     -0.00066337       0.00021630
     -0.00593058      -0.00012698
     -0.00231921      -0.00001571
     -0.00649983      -0.00088653
     -0.00029963      -0.00013716
     -0.00045513       0.00052047
     -0.00029159      -0.00016133
     -0.00053136      -0.00017095
     -0.00004908       0.00007910
     -0.00363686       0.00037548
      0.00014847       0.00018149
     -0.00024154      -0.00011581
     -0.00022880       0.00016700
     -0.00031387       0.00049136
      0.00002587       0.00008554
     -0.00228853       0.00005891
     -0.00297104       0.00018630
     -0.00061944      -0.00015320
     -0.00019915      -0.00004017
     -0.00011893       0.00011801
     -0.00019057      -0.00004378
     -0.00035945      -0.00005430
     -0.00458784      -0.00001708
     -0.00180343       0.00121237
     -0.00068732       0.00039986
      0.00013010       0.00080007
     -0.00013360       0.00059201
     -0.00008215       0.00007795
     -0.00014847       0.00030075
     -0.00013031       0.00008942
     -0.00029356      -0.00005448
     -0.00063603      -0.00005891
      0.00004625       0.00017110
     -0.00020121      -0.00012777
     -0.00109812      -0.00024945
     -0.00218914       0.00061520
     -0.00187015      -0.00031557
     -0.00103015       0.00012468
     -0.00079241      -0.00020382
     -0.00093355      -0.00028833
     -0.00019049       0.00002067
     -0.00092084      -0.00033126
      0.00042508       0.00052947
     -0.00474820       0.00093135
     -0.00213595      -0.00049871
     -0.00070626      -0.00011958
      0.00002650       0.00036330
     -0.00132052      -0.00043478
     -0.00047710      -0.00024686
     -0.00189910      -0.00011436
     -0.00036439      -0.00021716
     -0.00262104      -0.00076445
      0.00006237       0.00029515
     -0.00078379      -0.00001365
     -0.00040235       0.00007379
     -0.00705658       0.00073856
     -0.00172882       0.00030183
     -0.00133645       0.00014675
     -0.00721074       0.00053065
     -0.00153396       0.00052983
     -0.00043234       0.00093823
     -0.00028910      -0.00009611
     -0.00020232      -0.00008712
     -0.00164521      -0.00052088
     -0.00303519      -0.00039543
     -0.00052451      -0.00029699
     -0.00030258       0.00017104
     -0.00012578      -0.00000917
     -0.00301520       0.00039917
     -0.00018277      -0.00011482
     -0.00051433      -0.00007968
      0.00011258       0.00014950
     -0.00026074      -0.00016423
     -0.00039682      -0.00022765
     -0.00028454       0.00017739
     -0.00064397      -0.00031440
     -0.00145672      -0.00011359
     -0.00033869      -0.00024500
     -0.00167242       0.00003737
     -0.00034810      -0.00019617
     -0.00201789      -0.00043738
     -0.00020129      -0.00015728
     -0.00963875       0.00051349
     -0.00023211      -0.00011444
     -0.00168589       0.00021170
     -0.00171365       0.00043809
     -0.00134678       0.00059184
     -0.00347800       0.00033317
     -0.00019294       0.00005110
     -0.00224895      -0.00031365
      0.00021947       0.00032888
      0.00001260       0.00017149
     -0.00035538      -0.00013684
     -0.00404987      -0.00012394
     -0.00330631       0.00027310
     -0.00008813      -0.00002850
     -0.00644083      -0.00042652
     -0.00012130      -0.00001148
     -0.00009302       0.00041148
