QM Energy	FF Energy
    -0.000200586    -0.000173172
     -0.00103725    -0.000824946
    -0.000401016    -0.000448126
     -0.00118531      -0.0011841
     -2.0748e-05     -1.6179e-05
     -0.00074874    -0.000790518
    -0.000198757    -0.000183283
    -0.000630986    -0.000518179
     -8.5602e-05    -7.25507e-05
     -2.3313e-05    -2.08269e-05
    -0.000102601    -0.000134394
     -0.00208916     -0.00216586
     -0.00015464     -0.00014369
    -0.000718912      -0.0006376
     -2.4602e-05    -2.08751e-05
    -0.000106394    -8.93246e-05
     -0.00109797      -0.0011638
     -1.7805e-05    -2.37295e-05
     -2.2776e-05    -1.66483e-05
     -0.00042157    -0.000455095
    -0.000777746    -0.000749765
    -0.000195157    -0.000184116
     -3.7367e-05    -3.93585e-05
    -0.000856666    -0.000726215
     -2.9629e-05    -3.50379e-05
     -1.3294e-05    -1.93503e-05
     -3.8332e-05    -4.32952e-05
    -0.000365499     -0.00030112
     -0.00138489     -0.00147762
    -0.000259362    -0.000267484
     -7.4441e-05    -8.78713e-05
    -0.000727107    -0.000799559
    -0.000273169    -0.000225275
     -0.00100243     -0.00102514
    -0.000492868    -0.000565921
    -0.000342547    -0.000399546
     -1.4909e-05    -2.70824e-05
    -0.000292524     -0.00026231
     -0.00142345     -0.00125815
    -0.000161354      -0.0001376
     -9.8003e-05     -0.00012847
      -3.944e-05    -5.11235e-05
     -3.5145e-05    -4.38824e-05
     -9.1641e-05    -9.16779e-05
    -0.000225112    -0.000166669
     -2.8988e-05    -3.58709e-05
     -9.0534e-05    -0.000121021
     -0.00113464     -0.00125122
       -0.001283     -0.00139102
    -0.000744911    -0.000630986
    -0.000381347    -0.000403031
     -7.3575e-05    -8.14433e-05
    -0.000511781    -0.000572494
     -0.00122438     -0.00100775
    -0.000278769    -0.000233639
     -4.8153e-05    -4.62771e-05
     -1.1834e-05    -1.84023e-05
    -0.000866932    -0.000703158
     -0.00143832     -0.00123865
     -3.4277e-05    -4.03383e-05
     -6.9075e-05    -6.39414e-05
    -0.000871482    -0.000984279
    -0.000319612     -0.00040869
     -8.5074e-05    -5.22907e-05
    -0.000980504    -0.000840984
    -0.000254181    -0.000273652
    -0.000190681    -0.000186629
     -4.7692e-05    -5.63271e-05
    -0.000502871     -0.00054554
    -0.000432238    -0.000533198
    -0.000212457    -0.000274511
     -3.2028e-05     -3.1541e-05
     -6.8749e-05    -7.75905e-05
    -0.000702271    -0.000747957
     -0.00213527     -0.00221635
     -3.6779e-05    -4.47571e-05
     -9.0239e-05    -9.60295e-05
    -0.000174903    -0.000226773
    -0.000865415    -0.000744251
      -0.0016628     -0.00178403
    -0.000341155    -0.000330103
    -0.000194561    -0.000222463
    -0.000654682    -0.000627483
    -0.000351364    -0.000286585
    -0.000271294    -0.000298307
    -0.000602908    -0.000542867
     -0.00034704    -0.000250813
    -0.000163158    -0.000162933
    -0.000556599    -0.000474648
    -0.000449681    -0.000514136
     -6.6349e-05    -5.86181e-05
     -0.00176181     -0.00151375
     -4.9524e-05    -6.20538e-05
    -0.000742874     -0.00064513
    -0.000354522    -0.000348081
    -0.000842859    -0.000872754
    -0.000758029     -0.00056452
    -0.000186454    -0.000169531
      -0.0011896     -0.00113169
     -4.6404e-05    -4.00032e-05
     -3.1681e-05     -3.2775e-05
    -0.000326026    -0.000241759
    -0.000300399     -0.00037273
    -0.000158066    -0.000177564
    -0.000136249    -0.000161528
    -0.000557973    -0.000472999
     -0.00144932     -0.00122876
    -0.000270889    -0.000330517
    -0.000575225    -0.000591328
    -0.000933766    -0.000983163
    -0.000574206    -0.000498524
    -0.000831337    -0.000705098
    -0.000837938    -0.000809377
    -0.000348308     -0.00044335
    -0.000473097    -0.000356127
    -0.000328931    -0.000333383
     -1.6366e-05    -1.92493e-05
     -0.00047165    -0.000456761
      -0.0008354    -0.000923294
     -0.00151623     -0.00139005
     -0.00167271     -0.00149773
     -0.00227057     -0.00216127
     -2.8702e-05    -3.14422e-05
    -0.000333026    -0.000338381
    -0.000983493     -0.00100916
    -0.000967468     -0.00100508
     -6.4561e-05    -5.94404e-05
      -5.789e-05    -7.32082e-05
     -0.00142326     -0.00127665
     -0.00137029     -0.00136249
    -0.000310919    -0.000299724
     -0.00151997     -0.00127796
     -0.00043412    -0.000334435
      -8.569e-05    -8.69315e-05
    -0.000112005     -0.00011401
     -1.2449e-05    -1.46162e-05
     -4.1024e-05    -3.53523e-05
      -3.155e-05    -2.82187e-05
    -0.000199419    -0.000184798
    -0.000516244    -0.000570485
    -0.000598041    -0.000578116
     -0.00116075     -0.00112479
     -1.8499e-05    -1.91227e-05
    -0.000305385    -0.000369206
    -0.000200391    -0.000167573
     -0.00030847    -0.000295199
     -2.7083e-05    -3.48112e-05
     -4.2085e-05    -4.94196e-05
     -0.00129701     -0.00110036
      -0.0005328    -0.000491408
    -0.000120889     -0.00012142
     -1.9998e-05     -2.0907e-05
    -0.000518231    -0.000488865
     -2.4234e-05    -1.97796e-05
     -0.00132977     -0.00115491
    -0.000129653    -0.000122319
    -0.000425032    -0.000461974
    -0.000619243    -0.000767767
     -0.00262723     -0.00261251
    -0.000157058    -0.000136259
     -0.00137422     -0.00120192
    -0.000855402    -0.000844247
     -5.7661e-05    -6.97345e-05
      -9.828e-05    -0.000127069
     -4.8293e-05    -3.81498e-05
     -3.9034e-05    -4.80467e-05
      -5.974e-05    -7.56634e-05
     -8.0191e-05    -6.81359e-05
     -0.00128273     -0.00118865
    -0.000464649    -0.000502598
     -9.2534e-05    -7.20446e-05
    -0.000309002     -0.00034017
    -0.000539865    -0.000522558
     -3.7616e-05    -4.41552e-05
    -0.000128168     -0.00011467
     -0.00113761     -0.00125629
    -0.000780326    -0.000813558
    -0.000302334    -0.000328374
     -0.00023898    -0.000241921
     -5.7708e-05     -4.6312e-05
    -0.000313554    -0.000332348
    -0.000120936    -0.000140355
     -4.0351e-05    -3.77158e-05
     -5.8326e-05    -6.64636e-05
    -0.000772676      -0.0008189
     -1.7961e-05    -1.93505e-05
     -5.5256e-05    -5.99912e-05
      -3.629e-05    -3.51498e-05
    -0.000131385    -0.000135255
    -0.000575563    -0.000464677
    -0.000671138    -0.000592598
    -0.000115731    -0.000136747
      -0.0005946    -0.000489313
     -2.1856e-05    -2.26045e-05
    -0.000106979    -0.000137331
     -6.8792e-05     -7.6989e-05
    -0.000218148    -0.000209996
     -2.9335e-05    -4.36408e-05
      -1.979e-05    -1.64871e-05
     -0.00173248     -0.00182101
     -2.4343e-05    -3.00542e-05
    -0.000139271    -0.000188764
    -0.000366398    -0.000453734
      -1.919e-05    -2.88581e-05
    -0.000391958    -0.000462028
     -2.3757e-05    -2.22924e-05
     -3.9806e-05    -5.06305e-05
    -0.000569342    -0.000508746
    -0.000359344    -0.000277266
     -0.00123627     -0.00109366
     -8.9976e-05    -0.000105311
     -1.0957e-05    -1.83481e-05
     -2.4555e-05    -2.99925e-05
     -3.6532e-05    -3.20151e-05
     -2.7873e-05    -4.05165e-05
    -0.000249538    -0.000274891
    -0.000884434    -0.000881725
    -0.000127512    -0.000157632
     -4.0821e-05    -3.57966e-05
    -0.000434106    -0.000448207
     -0.00109473    -0.000771459
    -0.000304055    -0.000309644
     -8.2638e-05    -8.38986e-05
    -0.000254102    -0.000332707
     -5.9287e-05    -4.99538e-05
    -0.000136044    -0.000166577
      -0.0015528     -0.00125201
    -0.000332894    -0.000350803
    -0.000544072    -0.000539445
     -0.00091104    -0.000850901
     -0.00115754    -0.000970935
    -0.000252301    -0.000254961
    -0.000182777    -0.000135008
    -0.000323594    -0.000300045
     -0.00201593      -0.0020227
    -0.000488063     -0.00050048
    -0.000152503    -0.000204762
     -0.00216366      -0.0022817
     -0.00129408     -0.00105061
     -0.00277974     -0.00249513
     -0.00164342     -0.00148007
     -5.2399e-05    -7.58842e-05
     -1.5758e-05    -2.16866e-05
    -0.000441255    -0.000333273
    -0.000151975    -0.000146249
    -0.000142007    -0.000187845
     -4.2258e-05    -4.12902e-05
    -0.000135344    -0.000178993
    -0.000226682    -0.000213303
     -0.00118403    -0.000957112
    -0.000459441    -0.000477601
     -0.00217179     -0.00225496
    -0.000817644    -0.000654738
    -0.000322692     -0.00028135
    -0.000368189    -0.000308936
     -3.6696e-05    -3.10192e-05
      -0.0025943     -0.00288466
     -1.3402e-05       -1.37e-05
    -0.000205063    -0.000217095
     -0.00139363     -0.00122006
     -2.4128e-05    -2.54073e-05
     -5.4003e-05    -7.04524e-05
    -0.000208186    -0.000246779
    -0.000241309    -0.000187643
    -0.000301455    -0.000309587
    -0.000238534    -0.000242039
     -2.0557e-05    -2.48726e-05
     -3.2457e-05    -3.76544e-05
      -3.655e-05    -4.80153e-05
     -6.2458e-05     -7.4577e-05
    -0.000632854    -0.000664498
     -0.00154657     -0.00162728
     -4.0921e-05    -5.44171e-05
    -0.000174716    -0.000166966
    -0.000540463    -0.000574513
      -2.992e-05    -3.64126e-05
     -0.00106928     -0.00120054
    -0.000233292    -0.000218542
     -1.9069e-05    -1.90882e-05
    -0.000301766    -0.000235725
     -4.3276e-05    -5.36189e-05
    -0.000365526    -0.000353346
     -0.00242126     -0.00225087
    -0.000799478    -0.000650648
    -0.000491527    -0.000387587
     -1.3997e-05    -1.80389e-05
     -6.6128e-05    -7.32522e-05
     -3.9221e-05    -4.73104e-05
    -0.000622825    -0.000523334
    -0.000729768    -0.000675794
     -0.00118966     -0.00124712
    -0.000315737    -0.000348497
    -0.000264905    -0.000296343
     -0.00172954     -0.00167259
     -2.0798e-05    -2.42552e-05
     -0.00079403    -0.000583847
     -7.7344e-05    -8.52497e-05
     -0.00151454     -0.00125061
    -0.000363761    -0.000393159
     -2.6684e-05    -3.27713e-05
     -4.1494e-05    -3.90359e-05
     -0.00012868    -0.000106374
    -0.000342015    -0.000352848
      -6.153e-05    -8.48523e-05
     -4.6968e-05    -5.02295e-05
    -0.000276793    -0.000336818
    -0.000364782    -0.000345027
     -4.0881e-05    -4.68013e-05
     -0.00104677    -0.000985679
     -6.0879e-05    -7.65266e-05
     -4.5063e-05    -4.00998e-05
    -0.000813829    -0.000581986
     -9.2662e-05    -9.40383e-05
    -0.000247399    -0.000233013
    -0.000320381    -0.000380604
     -0.00166799     -0.00144882
     -5.0463e-05    -6.58671e-05
     -1.5534e-05    -1.80555e-05
    -0.000337206    -0.000255424
    -0.000291802     -0.00034745
     -0.00033777    -0.000412752
    -0.000180046    -0.000221913
    -0.000376374    -0.000383021
     -2.5852e-05    -3.59245e-05
      -2.144e-05      -1.905e-05
    -0.000408527    -0.000378361
     -1.8067e-05    -1.95098e-05
     -0.00159832      -0.0016323
     -2.5589e-05    -2.06893e-05
       -1.53e-05    -2.63939e-05
    -0.000249496    -0.000313588
     -3.0853e-05    -2.66287e-05
    -0.000157877    -0.000152358
      -9.884e-06     -1.5876e-05
     -0.00116694     -0.00124573
    -0.000788285    -0.000733205
    -0.000434423    -0.000437266
    -0.000552261    -0.000540272
     -8.2186e-05     -6.3241e-05
     -1.2909e-05      -2.009e-05
    -0.000119443    -0.000133892
     -2.5081e-05    -3.51435e-05
     -0.00016774    -0.000232452
    -0.000156997    -0.000146752
     -2.6127e-05    -2.71551e-05
    -0.000119768    -0.000141666
    -0.000887763    -0.000811753
    -0.000139215    -0.000119351
     -0.00151786     -0.00168348
    -0.000107035    -0.000125044
     -3.4306e-05    -3.35803e-05
    -0.000498637    -0.000424116
      -7.899e-06      -1.455e-05
       -3.09e-05    -4.27698e-05
      -4.901e-05    -5.52812e-05
     -1.6009e-05    -1.80475e-05
     -4.1274e-05     -3.4232e-05
     -0.00142998     -0.00120043
    -0.000174401    -0.000150411
      -4.147e-05    -4.80191e-05
    -0.000241345    -0.000222689
    -0.000177225    -0.000146467
     -7.1442e-05    -6.41489e-05
      -0.0014112     -0.00146034
     -2.3327e-05    -2.11349e-05
     -0.00153141     -0.00141592
     -4.2543e-05    -4.55681e-05
     -0.00165562      -0.0017502
    -0.000401102    -0.000344698
     -2.7438e-05    -3.77823e-05
     -2.8313e-05    -3.95198e-05
     -3.6534e-05    -4.41544e-05
     -7.2402e-05    -7.28515e-05
    -0.000879993     -0.00104095
     -0.00108907     -0.00110614
    -0.000171825    -0.000115793
    -0.000152915     -0.00019013
     -0.00121192     -0.00123239
    -0.000158421    -0.000142245
      -0.0010354    -0.000904488
    -0.000115781     -8.7367e-05
     -0.00013203    -0.000165676
      -0.0013046     -0.00136811
    -0.000100008    -7.94238e-05
    -0.000234898    -0.000242317
     -2.2064e-05    -2.85482e-05
       -5.48e-05    -6.52208e-05
    -0.000853154    -0.000951227
     -3.7557e-05    -4.42308e-05
     -0.00130254     -0.00125087
       -3.82e-05    -5.25979e-05
     -3.1739e-05    -3.74776e-05
    -0.000227217    -0.000235766
     -0.00196119     -0.00166797
    -0.000540617    -0.000474633
     -7.2138e-05    -6.29117e-05
    -0.000665045    -0.000742835
     -2.4906e-05    -2.01204e-05
    -0.000217877    -0.000205587
     -0.00223361     -0.00239231
    -0.000125719    -0.000125835
    -0.000432831    -0.000513271
    -0.000238104     -0.00023407
    -0.000461299    -0.000438418
     -9.6315e-05    -0.000121051
     -0.00017283    -0.000197275
     -0.00145244     -0.00127343
    -0.000107123     -0.00013878
     -1.0417e-05    -1.26088e-05
     -0.00131641     -0.00122304
    -0.000238967    -0.000306193
     -2.1039e-05    -2.66576e-05
      -0.0012198     -0.00106062
     -6.5916e-05     -7.1861e-05
     -6.8519e-05    -4.88673e-05
    -0.000432652    -0.000521171
     -1.9964e-05    -2.70165e-05
     -2.4564e-05    -3.13093e-05
     -4.1057e-05    -4.90531e-05
     -1.4913e-05     -1.4116e-05
     -9.6893e-05    -0.000105933
    -0.000107427    -0.000156171
     -0.00128408    -0.000963017
     -9.2956e-05    -8.91791e-05
     -5.6581e-05    -5.62237e-05
     -6.2544e-05    -8.40447e-05
     -0.00185547      -0.0017378
    -0.000310811    -0.000336742
     -2.1325e-05     -1.9532e-05
     -7.4013e-05    -7.14652e-05
    -0.000415133    -0.000337225
     -0.00022838    -0.000259179
     -3.4202e-05    -3.08092e-05
     -6.5862e-05    -8.42522e-05
    -0.000529295    -0.000618428
    -0.000568263    -0.000678016
    -0.000101426    -8.75736e-05
    -0.000630849      -0.0006713
     -0.00114737    -0.000975933
     -0.00198718      -0.0018524
     -0.00114856     -0.00128696
    -0.000559504    -0.000690207
    -0.000378554    -0.000333476
    -0.000310956    -0.000257107
     -7.8171e-05    -8.27806e-05
     -0.00157375       -0.001344
    -0.000563042    -0.000509059
    -0.000638067    -0.000700152
    -0.000269776    -0.000279364
     -8.6296e-05     -0.00010579
     -2.6649e-05    -3.34634e-05
    -0.000423615    -0.000428636
     -7.3668e-05     -8.4227e-05
     -0.00029071    -0.000319842
    -0.000177693    -0.000225234
     -0.00148586     -0.00144937
    -0.000141754    -0.000153258
     -2.8928e-05    -4.22339e-05
      -5.916e-05    -7.72751e-05
    -0.000796522    -0.000623045
    -0.000893414    -0.000917861
     -2.3516e-05    -2.78585e-05
    -0.000386028    -0.000443734
     -5.3124e-05    -6.18617e-05
    -0.000804858    -0.000714562
    -0.000328608    -0.000406714
     -7.4329e-05    -7.43751e-05
       -6.69e-05    -7.23739e-05
       -3.68e-05    -4.76028e-05
     -3.3377e-05    -4.62853e-05
    -0.000102515    -0.000125383
    -0.000995911    -0.000834656
     -0.00013532     -0.00012596
     -5.3596e-05    -6.51832e-05
     -0.00147921     -0.00155983
    -0.000151144    -0.000162968
     -8.9533e-05    -9.88262e-05
    -0.000113793    -0.000148818
    -0.000190369    -0.000208104
    -0.000891912    -0.000911432
    -0.000156265     -0.00018801
    -0.000599563    -0.000699168
     -5.3732e-05    -4.88567e-05
    -0.000958264     -0.00079562
    -0.000333083    -0.000348118
     -2.0437e-05     -2.6225e-05
    -0.000118146    -0.000136266
     -0.00111824     -0.00121854
     -0.00162625     -0.00163383
     -7.1569e-05    -7.03603e-05
    -0.000107647    -0.000117677
     -0.00193886     -0.00204686
     -6.3767e-05    -7.10752e-05
    -0.000100248    -0.000119298
     -5.6877e-05     -6.3379e-05
     -5.8017e-05    -8.25991e-05
    -0.000139154    -9.65681e-05
     -0.00101789    -0.000887993
    -0.000936619    -0.000960029
    -0.000248491    -0.000287517
     -4.5355e-05    -4.76499e-05
    -0.000139443    -0.000171484
    -0.000643262    -0.000603603
     -2.4228e-05    -2.64939e-05
    -0.000201836    -0.000182118
     -1.1695e-05    -1.37464e-05
     -6.8433e-05    -9.43135e-05
     -3.1784e-05    -3.40545e-05
     -0.00049401    -0.000581564
     -0.00154904       -0.001345
     -0.00128928     -0.00133159
     -6.5033e-05    -7.27368e-05
     -8.8735e-05    -7.08674e-05
     -0.00172043     -0.00167639
      -8.124e-06     -1.6147e-05
    -0.000452927    -0.000477934
    -0.000143292    -0.000138739
     -1.5468e-05    -2.14127e-05
    -0.000942704     -0.00100243
    -0.000439678     -0.00043193
     -0.00116135     -0.00104371
    -0.000448649    -0.000517087
     -3.3146e-05    -3.10115e-05
     -0.00155939     -0.00144948
    -0.000108489    -0.000115051
     -4.9922e-05    -5.70998e-05
    -0.000793504    -0.000928933
     -4.3894e-05    -3.86931e-05
    -0.000662754    -0.000671856
     -6.4084e-05    -5.90647e-05
    -0.000573093    -0.000593489
     -8.2516e-05    -7.99381e-05
     -5.3518e-05     -6.2925e-05
     -0.00050471    -0.000458716
     -7.4817e-05    -9.79876e-05
     -5.4677e-05    -7.64432e-05
     -2.3512e-05    -3.28127e-05
     -7.8448e-05    -8.32019e-05
     -0.00119297     -0.00103445
     -0.00147205     -0.00139452
     -7.7848e-05    -0.000101937
    -0.000830339    -0.000746386
     -2.1318e-05    -2.58555e-05
    -0.000210332    -0.000228883
    -0.000102861    -0.000114742
    -0.000433455    -0.000471596
    -0.000138449    -9.72268e-05
    -0.000385449    -0.000423656
    -0.000364708    -0.000298677
    -0.000520229    -0.000421784
     -4.5625e-05    -4.52658e-05
     -8.9741e-05    -0.000117232
     -4.6473e-05    -6.32812e-05
     -4.9749e-05    -4.98589e-05
        -0.00148     -0.00127475
     -6.5499e-05    -7.33497e-05
    -0.000180499    -0.000216253
     -3.2777e-05     -4.3625e-05
     -0.00190247     -0.00184441
    -0.000503847    -0.000582779
     -0.00110252     -0.00108905
     -1.6411e-05    -2.08298e-05
    -0.000931047     -0.00100073
    -0.000808448     -0.00071693
    -0.000545384    -0.000508335
    -0.000106963    -0.000144914
    -0.000203035    -0.000250168
    -0.000492383    -0.000592351
    -0.000598838    -0.000648719
     -6.7808e-05    -6.90247e-05
     -0.00213486     -0.00223017
     -1.1035e-05    -1.65944e-05
    -0.000474226    -0.000320871
     -7.4815e-05    -7.51508e-05
     -9.8369e-05    -0.000112213
     -1.5925e-05    -1.79022e-05
    -0.000174323    -0.000155113
    -0.000320169    -0.000372676
    -0.000555012    -0.000575879
     -2.1971e-05    -2.62781e-05
     -9.3791e-05    -0.000102073
     -0.00120002     -0.00124543
     -1.6593e-05    -2.05407e-05
     -4.1836e-05    -4.97112e-05
     -4.9531e-05    -6.74745e-05
    -0.000194801    -0.000205607
     -5.6125e-05    -7.11188e-05
    -0.000611083     -0.00050397
    -0.000542189    -0.000549291
     -9.8176e-05    -9.33665e-05
     -3.4101e-05     -4.9782e-05
    -0.000465814    -0.000480086
     -0.00172114     -0.00173802
      -2.522e-05    -2.18367e-05
     -1.1739e-05    -1.62527e-05
     -4.7305e-05    -4.24174e-05
     -0.00237151     -0.00199414
     -1.3929e-05    -2.00249e-05
     -0.00131285     -0.00225229
     -1.6006e-05    -2.01896e-05
    -0.000179524    -0.000218233
    -0.000160269    -0.000215977
     -0.00220698     -0.00283609
     -0.00161528      -0.0017389
    -0.000677562    -0.000730231
    -0.000135249    -0.000142234
     -0.00132122     -0.00110892
     -1.8922e-05     -2.3833e-05
       -8.78e-05    -6.29042e-05
    -0.000303584    -0.000259534
     -0.00104009     -0.00142813
     -8.7317e-05    -0.000101339
     -4.9256e-05     -5.4094e-05
    -0.000473982    -0.000474032
     -1.9409e-05    -2.56236e-05
     -2.7196e-05    -2.95498e-05
      -4.395e-05    -3.29385e-05
     -0.00128489     -0.00101185
     -7.6479e-05    -8.32738e-05
     -1.5987e-05    -2.47077e-05
    -0.000163391    -0.000185693
    -0.000960663    -0.000992295
    -0.000342838    -0.000432553
     -0.00223786     -0.00304076
     -1.8156e-05    -2.68015e-05
     -8.6939e-05    -7.25832e-05
     -0.00051896    -0.000554648
     -6.8503e-05    -6.48695e-05
     -8.3287e-05    -0.000111959
    -0.000291642    -0.000288898
    -0.000849676    -0.000656815
     -5.2652e-05    -5.82117e-05
     -0.00129942    -0.000984711
     -1.9565e-05     -2.6431e-05
    -0.000239766    -0.000296432
    -0.000676961    -0.000680708
    -0.000331058    -0.000288712
     -2.8487e-05    -3.36968e-05
     -8.3596e-05    -0.000116065
    -0.000231997    -0.000193297
    -0.000138491    -0.000151556
     -5.0908e-05    -7.01054e-05
    -0.000260002    -0.000217163
     -0.00202695     -0.00184571
     -0.00218163     -0.00226815
     -0.00105278     -0.00104896
    -0.000398714    -0.000484367
    -0.000179317    -0.000179344
    -0.000174909    -0.000189839
      -0.0018088     -0.00142998
    -0.000164696    -0.000191491
     -0.00207997     -0.00198779
    -0.000412965    -0.000431687
     -0.00120703     -0.00143976
    -0.000213284    -0.000229926
      -2.031e-05    -2.52645e-05
     -9.7438e-05    -0.000105237
     -0.00040036    -0.000443852
    -0.000131289    -0.000131735
    -0.000960014    -0.000890919
     -7.6645e-05    -9.64349e-05
     -0.00126532     -0.00142125
    -0.000505795    -0.000502007
     -3.0107e-05    -3.70205e-05
     -0.00196426     -0.00164381
     -0.00047893     -0.00054995
    -0.000355504    -0.000408246
     -0.00124399     -0.00104879
     -2.4725e-05    -2.76092e-05
    -0.000652322    -0.000542747
     -8.7694e-05    -0.000126277
     -5.0287e-05    -3.94053e-05
    -0.000210887     -0.00019608
     -2.7046e-05    -2.74006e-05
     -0.00047132    -0.000539705
    -0.000568759    -0.000525961
    -0.000344835    -0.000307045
     -0.00145458      -0.0015557
     -7.9394e-05    -8.39724e-05
     -6.8673e-05    -7.50606e-05
     -2.2687e-05    -2.18104e-05
     -0.00019836    -0.000261403
     -1.7726e-05    -1.86592e-05
    -0.000145144    -0.000165045
     -0.00190573     -0.00210599
     -0.00150814     -0.00128328
     -0.00156206     -0.00140609
     -0.00130193     -0.00131922
    -0.000462184    -0.000549302
    -0.000496085    -0.000447136
     -0.00026464    -0.000333786
      -3.976e-05    -4.52412e-05
    -0.000791809    -0.000810861
    -0.000290077    -0.000241462
    -0.000813648    -0.000901264
    -0.000222822    -0.000220577
     -9.9982e-05    -0.000111411
    -0.000281537    -0.000247798
     -2.3225e-05    -2.55495e-05
    -0.000792767    -0.000759575
     -0.00011876    -0.000138699
     -0.00063344    -0.000601805
     -3.5284e-05    -2.30268e-05
     -9.0754e-05    -8.08705e-05
     -7.0094e-05    -6.75705e-05
     -1.0088e-05    -1.56001e-05
     -9.0812e-05    -8.65949e-05
     -5.9413e-05    -5.53058e-05
     -6.4168e-05    -8.71505e-05
    -0.000443718    -0.000381748
    -0.000980553    -0.000814187
     -2.9633e-05     -3.7418e-05
     -3.8941e-05    -3.48494e-05
     -9.3653e-05    -0.000123917
    -0.000622815    -0.000719601
     -0.00188971     -0.00176749
     -8.0904e-05    -6.44561e-05
     -2.2867e-05    -3.12141e-05
    -0.000426413    -0.000357183
     -6.2576e-05    -5.70123e-05
     -3.1806e-05    -4.84139e-05
    -0.000145833    -0.000201976
     -8.8527e-05     -8.3371e-05
    -0.000667192    -0.000586489
     -1.6648e-05    -2.31035e-05
     -2.8819e-05    -2.56422e-05
     -0.00079237    -0.000851811
     -0.00088242    -0.000721879
    -0.000175689    -0.000197827
    -0.000283672      -0.0003585
     -0.00119783    -0.000962335
     -6.7678e-05    -7.46304e-05
    -0.000249846    -0.000173808
      -5.663e-05    -5.48591e-05
     -3.5965e-05     -5.2789e-05
     -4.6718e-05    -6.45935e-05
     -1.8469e-05    -2.89767e-05
     -0.00142322     -0.00126822
     -0.00123678     -0.00095157
     -3.0078e-05    -4.20783e-05
     -0.00117021       -0.001077
      -2.466e-05    -2.19155e-05
    -0.000450868    -0.000395949
     -5.6509e-05    -6.75336e-05
     -0.00176879     -0.00170015
    -0.000451467    -0.000475296
    -0.000158963    -0.000183746
     -0.00056919    -0.000578973
     -0.00116334     -0.00126843
     -0.00143847     -0.00133832
    -0.000298595    -0.000341778
    -0.000267078    -0.000319733
     -3.0641e-05    -2.97376e-05
    -0.000112103    -0.000115503
     -2.5524e-05    -3.00851e-05
      -0.0001216    -0.000113333
     -3.9324e-05    -4.76708e-05
      -1.917e-05    -2.58233e-05
     -0.00184877     -0.00152599
    -0.000308388    -0.000298825
     -0.00010106    -9.77524e-05
     -5.8756e-05    -4.73163e-05
     -2.7952e-05     -3.7932e-05
     -7.7209e-05      -0.0001028
     -9.4174e-05    -0.000119959
     -6.4772e-05    -6.21395e-05
     -0.00012256    -0.000118334
    -0.000106705    -9.62211e-05
     -2.7411e-05    -2.55344e-05
     -6.7242e-05     -8.0922e-05
    -0.000378421    -0.000451162
    -0.000157521    -0.000156603
    -0.000343038    -0.000352458
    -0.000789143    -0.000759412
     -2.4537e-05    -2.01813e-05
     -0.00105484     -0.00112989
     -2.5555e-05     -2.9059e-05
     -0.00189314     -0.00192853
     -5.4435e-05    -5.81149e-05
     -0.00155332     -0.00126949
    -0.000298395    -0.000336886
    -0.000362551    -0.000418239
     -0.00100589     -0.00100622
    -0.000215388    -0.000215979
     -2.5654e-05    -3.82397e-05
    -0.000115924    -0.000160927
     -2.8287e-05    -2.74986e-05
    -0.000848471    -0.000827531
    -0.000312616    -0.000379514
    -0.000994697    -0.000896451
     -2.0467e-05    -2.01644e-05
    -0.000539442    -0.000632925
     -8.4858e-05    -7.23066e-05
    -0.000526964    -0.000452168
    -0.000278025    -0.000228527
    -0.000101833    -0.000115736
     -5.2615e-05    -7.61262e-05
     -9.4734e-05    -0.000107486
    -0.000308479      -0.0003049
     -2.1012e-05    -2.93674e-05
     -0.00017583    -0.000220093
     -0.00042292    -0.000352694
     -0.00106198    -0.000928633
     -4.2121e-05    -5.01393e-05
    -0.000445339    -0.000385479
    -0.000299611    -0.000238887
    -0.000145278    -0.000139247
     -2.9202e-05    -2.28025e-05
      -6.476e-05    -6.51079e-05
    -0.000645365    -0.000709929
     -7.4771e-05    -9.59305e-05
    -0.000284568     -0.00031958
    -0.000280232     -0.00021891
     -7.0125e-05     -6.7774e-05
     -3.1347e-05    -2.45088e-05
     -3.1329e-05    -3.71407e-05
    -0.000691722    -0.000817459
     -0.00121062     -0.00109094
    -0.000285025    -0.000296483
    -0.000106223    -0.000139555
    -0.000797422    -0.000628944
    -0.000190343    -0.000208537
      -0.0012432     -0.00127737
    -0.000408777    -0.000388957
    -0.000250182    -0.000281463
    -0.000155836    -0.000127104
     -9.5105e-05    -7.79848e-05
    -0.000137328    -0.000155571
     -1.5672e-05    -2.01932e-05
     -6.2593e-05    -7.72457e-05
     -0.00130414     -0.00114713
    -0.000122388    -0.000142084
    -0.000761382    -0.000553773
     -9.7354e-05    -0.000114844
    -0.000681942    -0.000570109
     -0.00117085     -0.00120073
      -2.964e-05    -3.63759e-05
      -6.822e-06    -1.26247e-05
     -0.00155843     -0.00152089
     -5.0677e-05     -3.9312e-05
     -2.7485e-05    -3.21905e-05
      -5.739e-05    -6.00942e-05
    -0.000657532    -0.000638531
    -0.000228843    -0.000179322
     -0.00164749     -0.00132922
     -0.00166946     -0.00167033
     -3.9351e-05    -5.33778e-05
    -0.000728186    -0.000824016
     -0.00053514    -0.000519753
     -9.2909e-05    -0.000102327
     -0.00253397        -0.00355
     -1.9355e-05    -2.18059e-05
    -0.000330123    -0.000354868
     -4.2023e-05    -4.14278e-05
    -0.000265214    -0.000236196
     -5.6346e-05    -5.79928e-05
     -0.00020481    -0.000234446
     -7.1957e-05    -6.84798e-05
     -4.3564e-05    -4.58382e-05
     -1.7661e-05    -2.33963e-05
      -3.013e-05    -3.38486e-05
     -5.2113e-05    -6.09492e-05
    -0.000574432    -0.000554405
     -8.1932e-05    -7.95127e-05
     -0.00277952     -0.00267887
    -0.000316856    -0.000342962
     -0.00200608     -0.00243624
    -0.000302358    -0.000266532
     -1.0994e-05    -1.53924e-05
     -2.1455e-05    -1.51266e-05
    -0.000661594    -0.000601136
     -4.1509e-05     -3.5887e-05
    -0.000745498     -0.00082012
     -2.1215e-05    -2.28354e-05
     -5.7884e-05    -7.85619e-05
     -0.00132869     -0.00154682
    -0.000310676    -0.000362288
    -0.000564385    -0.000528228
     -0.00186154     -0.00164384
    -0.000826918    -0.000740948
     -5.0258e-05    -4.71937e-05
     -8.4957e-05    -8.01094e-05
     -5.2799e-05    -5.49005e-05
    -0.000515488    -0.000444626
      -4.242e-05    -3.98934e-05
    -0.000746066    -0.000864214
     -0.00133982     -0.00121457
    -0.000127753    -9.98563e-05
     -1.1241e-05    -1.52532e-05
     -0.00174453     -0.00175107
     -8.8819e-05     -6.7715e-05
     -0.00179356     -0.00158402
    -0.000259781    -0.000324682
     -0.00158313     -0.00139744
     -0.00075729    -0.000793168
     -0.00150825     -0.00163724
     -4.5921e-05     -3.5188e-05
    -0.000253763    -0.000274899
     -4.0619e-05    -3.38354e-05
    -0.000120719    -8.87853e-05
     -3.8355e-05    -3.63822e-05
    -0.000984726     -0.00113362
       -1.44e-05     -1.8976e-05
     -2.3968e-05    -4.34366e-05
    -0.000130595    -0.000173293
    -0.000343038    -0.000400553
     -1.7013e-05    -2.35006e-05
    -0.000646952    -0.000662121
    -0.000854266    -0.000819055
    -0.000120674    -0.000148932
     -3.8479e-05    -4.56718e-05
     -7.7878e-05    -8.94501e-05
     -4.3724e-05     -3.2286e-05
     -6.5809e-05    -7.92569e-05
     -0.00109861     -0.00123112
    -0.000538705    -0.000598266
    -0.000293088    -0.000233375
    -0.000147693    -0.000152638
    -0.000259634     -0.00030684
     -3.1009e-05    -4.35788e-05
    -0.000141323    -0.000162508
     -5.4781e-05    -6.54084e-05
     -5.8433e-05    -7.28974e-05
    -0.000183514    -0.000148864
     -3.5336e-05    -5.17807e-05
     -3.1187e-05    -2.65947e-05
    -0.000245583    -0.000213897
    -0.000736931    -0.000873872
    -0.000442173    -0.000462842
    -0.000334999    -0.000356868
    -0.000150931     -0.00012062
    -0.000192921    -0.000179019
     -5.4314e-05    -7.70951e-05
    -0.000190561    -0.000174461
     -2.6204e-05    -3.65269e-05
     -0.00139427      -0.0014067
    -0.000522027    -0.000392124
    -0.000196958    -0.000230159
     -8.6537e-05    -0.000100747
    -0.000284411    -0.000264672
      -5.576e-05    -4.65649e-05
    -0.000596338    -0.000475909
     -4.0941e-05    -4.10126e-05
    -0.000650014    -0.000464088
     -6.1981e-05     -5.9948e-05
    -0.000231083    -0.000273479
    -0.000106484    -0.000151616
     -0.00139749     -0.00153588
    -0.000516124    -0.000620315
    -0.000436288    -0.000455915
     -0.00170877     -0.00158776
    -0.000756245    -0.000867225
    -0.000294726      -0.0002981
     -5.7135e-05     -5.0302e-05
     -2.5828e-05    -2.96866e-05
    -0.000344343    -0.000319406
    -0.000837224     -0.00066686
      -6.504e-05     -6.5028e-05
    -0.000151865     -0.00013636
     -2.2259e-05    -3.20073e-05
    -0.000979041     -0.00104087
     -2.3056e-05    -1.77845e-05
     -0.00013801    -0.000129395
     -1.0667e-05    -1.45544e-05
     -2.9758e-05    -2.69297e-05
     -4.6648e-05    -3.86757e-05
    -0.000143664    -0.000169744
    -0.000112061    -0.000123513
    -0.000384919    -0.000315337
       -2.43e-05    -1.64394e-05
    -0.000437298    -0.000353418
     -4.5109e-05    -4.44444e-05
    -0.000454696    -0.000377795
      -2.041e-05    -2.03402e-05
     -0.00215204     -0.00224469
     -3.3795e-05    -3.02199e-05
    -0.000487194    -0.000401797
    -0.000640978    -0.000667042
    -0.000522017    -0.000579703
    -0.000929519    -0.000799425
     -4.4722e-05    -6.96646e-05
    -0.000645213    -0.000533184
     -2.5328e-05    -2.83429e-05
     -5.3269e-05    -5.57435e-05
       -6.48e-05    -8.12429e-05
     -0.00114972    -0.000928258
     -0.00100898    -0.000875116
     -1.2781e-05    -1.93894e-05
     -0.00142658     -0.00140619
     -2.9929e-05    -2.68371e-05
    -0.000193928    -0.000233436
