QM Energy	FF Energy
    -0.000855693    -0.000947924
     -0.00340719      -0.0034547
     -0.00132223     -0.00128247
     -0.00416643     -0.00377854
     -0.00021515    -0.000216363
     -0.00298068     -0.00339318
     -0.00084395    -0.000780091
     -0.00253255     -0.00254711
     -5.5643e-05    -6.73828e-05
     -0.00010966    -0.000106203
    -0.000469769    -0.000549054
     -0.00660791     -0.00688214
    -0.000593874    -0.000675715
     -0.00185526     -0.00186263
    -0.000254338    -0.000248927
    -0.000747881    -0.000718858
     -0.00428111     -0.00438582
      6.0654e-05     7.25282e-05
    -0.000272211    -0.000247854
     -0.00149095     -0.00154945
     -0.00287675     -0.00287132
     -0.00029981    -0.000362613
    -0.000267704    -0.000307116
     -0.00348845     -0.00335732
     -4.6644e-05    -9.31037e-05
      6.1372e-05     5.68942e-05
    -0.000320361    -0.000312637
    -0.000994399     -0.00105337
     -0.00536114       -0.005085
     -0.00112688     -0.00118273
    -0.000468729     -0.00044181
     -0.00244779     -0.00260244
     -0.00143644     -0.00142053
     -0.00310083      -0.0028507
     -0.00145739     -0.00166828
    -0.000406241    -0.000455314
    -0.000122967    -0.000154348
      -0.0010054     -0.00104095
     -0.00647726     -0.00662888
    -0.000661901    -0.000638356
    -0.000458328    -0.000500475
     -2.8429e-05    -2.54894e-05
    -0.000132062    -0.000145883
      -8.937e-06    -9.06555e-05
     -0.00122908     -0.00116095
      1.9421e-05    -2.93523e-05
    -0.000163369     -0.00021682
     -0.00476586     -0.00455721
     -0.00358789     -0.00314297
      -0.0026294     -0.00267323
    -0.000920009     -0.00106301
    -0.000417356    -0.000470258
     -0.00133355     -0.00122656
     -0.00479761     -0.00460912
     -0.00116172     -0.00120729
     0.000196169     0.000166426
     -3.2313e-05    -3.41219e-05
     -0.00307443     -0.00321879
     -0.00528864     -0.00511386
    -0.000105907    -0.000141298
    -0.000460288    -0.000435962
     -0.00307176     -0.00313676
     -0.00134722     -0.00148473
    -0.000646733     -0.00058969
     -0.00320761     -0.00348022
    -0.000487718    -0.000458472
    -0.000974227     -0.00101437
     -4.1184e-05    -1.99111e-05
     -0.00158183     -0.00154848
     -0.00135739     -0.00159204
    -0.000207906    -0.000349605
    -0.000157853    -0.000133079
    -0.000362757    -0.000436335
     -0.00174641     -0.00170462
      -0.0088333     -0.00820702
      4.6656e-05      6.0115e-05
    -0.000174193    -0.000147411
    -0.000392039    -0.000462124
     -0.00360677     -0.00369236
     -0.00705169     -0.00706808
     -0.00125487     -0.00145554
    -0.000593058    -0.000707916
     -0.00249156     -0.00258893
     -0.00155333     -0.00160749
    -0.000928319     -0.00111053
     -0.00264757     -0.00267383
     -0.00166137     -0.00162832
    -0.000532409    -0.000608701
     -0.00187705     -0.00189361
    -0.000368868    -0.000513324
    -0.000389352    -0.000360707
     -0.00594073     -0.00620336
     -5.2753e-05    -4.07933e-05
     -0.00252679     -0.00248565
     -0.00155964     -0.00160211
     -0.00349596     -0.00338119
     -0.00290585     -0.00286383
     -0.00102056     -0.00102687
     -0.00319675     -0.00293687
    -0.000314171    -0.000302214
    -0.000155593    -0.000149213
     -0.00146934     -0.00148076
     -0.00118998     -0.00117352
    -0.000855407    -0.000994316
    -0.000149268     -0.00018078
     -0.00179555     -0.00188077
      -0.0058419     -0.00565832
    -0.000606578    -0.000692957
     -0.00223164     -0.00227358
     -0.00390175     -0.00419229
     -0.00223389      -0.0022561
     -0.00249261     -0.00262856
     -0.00339049     -0.00343394
     -0.00143448     -0.00147737
      -0.0019794     -0.00199355
     -0.00102682     -0.00114986
    -0.000112603    -8.11388e-05
     -0.00213856     -0.00211246
      -0.0020933     -0.00212904
     -0.00618804     -0.00645178
     -0.00656044     -0.00686567
     -0.00789818     -0.00726898
    -0.000190169    -0.000189591
     -0.00144321     -0.00162243
     -0.00298676     -0.00312045
      -0.0027467     -0.00263079
    -0.000392258    -0.000431776
      1.6998e-05    -4.59252e-05
     -0.00606094     -0.00602622
     -0.00470839     -0.00437911
     -0.00112644     -0.00108863
     -0.00516369     -0.00536913
     -0.00186207     -0.00179962
    -0.000285117    -0.000312778
    -0.000101907     -9.0728e-05
      2.4281e-05     6.60221e-06
     -0.00022881    -0.000231459
    -0.000237989    -0.000264781
     -0.00117094     -0.00114003
     -0.00111994     -0.00120184
     -0.00208816     -0.00215545
     -0.00407506     -0.00389614
    -0.000103382    -9.36636e-05
     -0.00111375     -0.00128515
    -0.000971632    -0.000954089
    -0.000856043    -0.000978088
     -7.5196e-05    -7.00355e-05
    -0.000230108    -0.000251257
     -0.00397802     -0.00413469
     -0.00177723     -0.00168871
    -0.000387958    -0.000441343
      -6.801e-06     -1.3233e-05
     -0.00156033     -0.00165142
    -0.000182306    -0.000190087
     -0.00424838     -0.00439341
    -0.000285153    -0.000336241
     -0.00123304     -0.00124986
     -0.00226418     -0.00247803
      -0.0130374      -0.0126379
     -0.00030867    -0.000323832
     -0.00494022     -0.00519924
     -0.00273875     -0.00295753
     0.000166506      7.7756e-05
    -0.000317619      -0.0003322
     -0.00041715    -0.000382814
     -9.4573e-05    -0.000158243
    -0.000268501    -0.000270206
    -0.000408971    -0.000439189
     -0.00548646     -0.00554616
     -0.00135717     -0.00135098
    -0.000692773    -0.000644176
     -0.00133486     -0.00153297
     -0.00208982     -0.00200187
    -0.000236754    -0.000259963
    -0.000456137    -0.000436716
     -0.00477426     -0.00493584
     -0.00238691     -0.00259552
      -0.0010564     -0.00105258
    -0.000157063    -0.000296186
    -0.000184496    -0.000189294
     -0.00111998     -0.00118008
    -0.000488064    -0.000516471
    -0.000188121    -0.000207144
    -0.000307805    -0.000333976
     -0.00266853     -0.00281171
     -6.0144e-05    -7.50509e-05
     0.000172624     9.73032e-05
    -0.000176171    -0.000194911
    -0.000413007    -0.000513332
     -0.00179549      -0.0019214
     -0.00190465     -0.00207554
    -0.000177165    -0.000261023
     -0.00249376     -0.00255123
    -0.000119558    -0.000110927
    -0.000179333    -0.000215829
      5.1232e-05     3.26946e-08
    -0.000968847    -0.000875808
       -5.49e-07    -3.39754e-05
    -0.000168967    -0.000158745
      -0.0080858     -0.00793072
    -0.000165584    -0.000182616
     -0.00049141    -0.000535694
     -0.00100595     -0.00112914
      -3.385e-06     -2.4217e-05
    -0.000887917    -0.000940806
      5.4754e-05     5.15942e-05
     -6.3956e-05    -9.42617e-05
     -0.00241845     -0.00234266
     -0.00171298     -0.00167757
     -0.00447906     -0.00440403
    -0.000182299    -0.000249346
      4.0538e-05     3.02613e-05
    -0.000140564    -0.000174037
    -0.000149502    -0.000153729
      4.5419e-05     4.99804e-05
    -0.000915778    -0.000965366
     -0.00283196     -0.00270842
    -0.000491725    -0.000520478
    -0.000386654    -0.000378969
     -0.00195605     -0.00205933
     -0.00422572     -0.00414288
    -0.000983894     -0.00117427
     -0.00059698    -0.000537075
    -0.000634762    -0.000913949
    -0.000416071    -0.000422563
    -0.000241009    -0.000258916
     -0.00626729     -0.00614278
     -0.00146447     -0.00129915
     -0.00179127     -0.00194353
     -0.00270614     -0.00283085
     -0.00415252      -0.0042478
    -0.000215607    -0.000367892
    -0.000797184    -0.000776854
    -0.000805856    -0.000918378
     -0.00771677     -0.00766973
     -0.00203241     -0.00226449
    -0.000606038    -0.000718536
     -0.00805977     -0.00792597
     -0.00575618     -0.00566849
      -0.0104725      -0.0105084
     -0.00728614     -0.00740575
     -7.0665e-05    -0.000102872
      6.1278e-05     6.33867e-05
     -0.00199925     -0.00195586
    -0.000751861    -0.000840175
    -0.000610136    -0.000629321
     0.000229767     0.000205208
    -0.000625156    -0.000711442
    -0.000650441    -0.000776267
     -0.00489649     -0.00491134
     -0.00105884      -0.0011395
     -0.00693329     -0.00720735
     -0.00225997       -0.002348
     -0.00150479     -0.00148966
     -0.00190363     -0.00181721
    -0.000100014    -8.94939e-05
      -0.0137178      -0.0133478
    -0.000105867    -0.000121283
    -0.000752252    -0.000725756
     -0.00421704     -0.00449358
     -8.1241e-05    -0.000103904
       3.494e-05     3.95331e-05
     -0.00101032     -0.00112833
     -0.00114088     -0.00119682
    -0.000918411     -0.00080558
     -0.00115959     -0.00128642
      5.8161e-05      2.7457e-05
     0.000167922     0.000148753
     -6.0678e-05    -9.34455e-05
    -0.000433174    -0.000456918
     -0.00201237     -0.00224231
     -0.00555752     -0.00559186
    -0.000298577     -0.00035954
    -0.000128784     -0.00020191
     -0.00131512     -0.00148061
     -8.4197e-05    -0.000132138
     -0.00383381     -0.00397947
    -0.000198096    -0.000330595
    -0.000243684    -0.000252049
     -0.00133698     -0.00139848
     0.000177552      0.00016922
     -0.00136487     -0.00137822
      -0.0107385      -0.0105408
     -0.00313452     -0.00296788
     -0.00213496     -0.00211023
      -5.259e-05    -4.33653e-05
    -0.000524303    -0.000538022
    -0.000278148    -0.000282305
     -0.00270818     -0.00272686
     -0.00231991     -0.00257616
     -0.00332711     -0.00333302
     -0.00108679     -0.00109039
    -0.000491382    -0.000598133
     -0.00937072      -0.0093421
       5.317e-05     3.53005e-05
     -0.00316542     -0.00312298
      2.6211e-05      6.5967e-06
     -0.00668701     -0.00669191
     -0.00104232     -0.00098997
     -3.7109e-05    -2.59763e-05
     0.000174429     0.000148849
    -0.000291027    -0.000333245
    -0.000747331    -0.000684152
     -4.2776e-05    -9.27487e-05
    -0.000340732    -0.000362688
    -0.000290882    -0.000388012
     -0.00137525     -0.00144551
    -0.000328107    -0.000313146
     -0.00333697     -0.00340112
     -4.2809e-05    -2.38054e-05
    -0.000215277      -0.0002165
      -0.0031359     -0.00303922
    -0.000568932    -0.000583895
     -0.00101619     -0.00105116
     -0.00151125     -0.00164126
     -0.00724746      -0.0070954
      5.8212e-05      4.8148e-05
     0.000136068     0.000108185
     -0.00165206     -0.00160505
     -0.00180274     -0.00203274
     -0.00125895     -0.00150617
    -0.000327823    -0.000353629
     -0.00155971      -0.0014268
    -0.000202883    -0.000250706
    -0.000177204    -0.000191881
     -0.00126975      -0.0013129
    -0.000145355    -0.000132772
     -0.00521045     -0.00522499
      -0.0002606    -0.000264259
      2.0766e-05     -4.6092e-06
    -0.000823434    -0.000875584
    -0.000255243     -0.00025291
    -0.000237871    -0.000273559
      9.3556e-05     8.28641e-05
     -0.00390609     -0.00366657
     -0.00236845     -0.00240681
     -0.00142837     -0.00157216
     -0.00176794     -0.00197844
    -0.000488998    -0.000437859
     -9.2219e-05     -9.9653e-05
    -0.000375895    -0.000344493
     -3.5027e-05    -6.53382e-05
    -0.000633144    -0.000702979
    -0.000134264    -0.000133806
     0.000150074     0.000104842
    -0.000486825    -0.000630453
     -0.00333557     -0.00342266
    -0.000713781    -0.000744551
      -0.0061004     -0.00643099
    -0.000321087    -0.000258988
     -8.4547e-05    -8.84413e-05
     -0.00195062     -0.00196226
     -1.5282e-05    -3.03858e-05
    -0.000152669     -0.00019092
     -0.00016879    -0.000125096
    -0.000238039    -0.000256584
    -0.000310538    -0.000326073
     -0.00586543     -0.00590223
    -0.000572851    -0.000648609
     0.000215566     0.000175584
    -0.000721695    -0.000790406
    -0.000784053    -0.000846838
    -0.000513325    -0.000533957
     -0.00561454     -0.00540239
    -0.000269988    -0.000274804
     -0.00492114     -0.00474513
     0.000237402     0.000181487
     -0.00556088      -0.0055855
     -0.00181454     -0.00196485
     0.000122991     0.000121559
      6.0781e-05     5.59531e-05
     0.000352464     0.000284969
    -0.000442776     -0.00040444
     -0.00366103     -0.00392787
     -0.00432194     -0.00412485
    -0.000859355    -0.000794385
    -0.000846722    -0.000898126
     -0.00463119     -0.00447119
    -0.000353581    -0.000450845
     -0.00311179     -0.00302766
    -0.000435304    -0.000440585
    -0.000608989    -0.000682765
     -0.00417786     -0.00415264
    -0.000568399    -0.000529723
    -0.000338946     -0.00039023
      8.4737e-05     8.70687e-05
    -0.000270553    -0.000295061
     -0.00202362     -0.00195819
     -3.9055e-05     -9.3501e-05
     -0.00504818     -0.00485305
    -0.000150672    -0.000183497
      4.8412e-05     3.44267e-05
    -0.000747662    -0.000709998
     -0.00763497     -0.00729064
     -0.00225076     -0.00230905
    -0.000439799    -0.000453962
     -0.00133333     -0.00130209
    -0.000212286     -0.00019901
    -0.000809901    -0.000830417
      -0.0104649      -0.0106843
    -0.000373751    -0.000408512
     -0.00113419     -0.00126249
    -0.000434101    -0.000470626
     -0.00136026     -0.00154936
     -4.6457e-05    -9.99906e-05
    -0.000778592    -0.000792185
     -0.00454461        -0.00445
    -0.000264824    -0.000312016
    -0.000147481    -0.000150402
     -0.00519001      -0.0053232
     -0.00128869     -0.00146638
      5.0026e-05     6.29695e-05
     -0.00538462     -0.00544097
    -0.000456421    -0.000497651
    -0.000522985    -0.000505185
      -0.0009317     -0.00116318
      9.6697e-05     9.66417e-05
      5.0192e-05      9.7362e-06
    -0.000215274    -0.000204825
    -0.000185084    -0.000191382
    -0.000570254    -0.000586713
    -0.000428483    -0.000514902
     -0.00527318     -0.00511284
    -0.000471786    -0.000448367
    -0.000305897    -0.000299078
      1.7673e-05    -2.00589e-05
      -0.0077316     -0.00708973
     -0.00143405     -0.00162655
     -9.4003e-05    -0.000101677
    -0.000494758    -0.000512531
     -0.00172923     -0.00176593
    -0.000911275     -0.00102342
    -0.000117475    -0.000137424
    -0.000159444    -0.000228944
     -0.00184012     -0.00204088
     -0.00180316     -0.00232364
     -0.00033145     -0.00032997
     -0.00280026     -0.00278404
     -0.00382902     -0.00399372
      -0.0095124     -0.00942276
     -0.00467284     -0.00444135
     -0.00180082     -0.00217059
     -0.00113076     -0.00114652
     -0.00154957     -0.00152734
    -0.000302315    -0.000268439
      -0.0055165     -0.00538681
     -0.00198075     -0.00213614
     -0.00142557     -0.00143621
     -0.00101323     -0.00120501
    -0.000180377     -0.00014541
      1.2577e-05    -2.47289e-05
     -0.00113448     -0.00112655
     0.000171624     0.000118314
    -0.000628448    -0.000664563
    -0.000328358    -0.000378099
     -0.00557993     -0.00567975
    -0.000730039    -0.000843863
    -0.000130972    -0.000154683
       7.241e-05      5.6084e-05
     -0.00329032     -0.00337766
     -0.00239486     -0.00220531
     0.000123021     0.000112892
     -0.00118583      -0.0014104
    -0.000319609    -0.000328055
     -0.00265072     -0.00281869
    -0.000512571    -0.000745247
    -0.000382459    -0.000384945
     -8.1405e-05    -0.000115864
      8.8117e-05      6.2403e-05
    -0.000188763    -0.000194059
    -0.000151369    -0.000227856
     -0.00337009     -0.00352082
    -0.000629685    -0.000552237
    -0.000119793    -9.06763e-05
     -0.00491682     -0.00463644
    -0.000532274     -0.00044814
     -4.1215e-05    -3.61241e-05
      -1.544e-06    -8.49912e-05
    -0.000987392    -0.000989763
     -0.00285751      -0.0030523
    -0.000260995    -0.000270754
      -0.0021998     -0.00236104
    -0.000289301    -0.000307146
     -0.00307646     -0.00304642
     -0.00154219     -0.00158363
      7.5044e-05     8.24511e-05
    -0.000446775    -0.000447121
     -0.00314529       -0.003101
     -0.00494921     -0.00555501
    -0.000462753    -0.000429673
    -0.000337583    -0.000320837
     -0.00935557     -0.00921306
    -0.000139536    -0.000121294
    -0.000212672    -0.000245533
      0.00017844     9.91368e-05
     -5.1383e-05      -8.288e-05
     -0.00079508    -0.000761867
     -0.00440206     -0.00423593
     -0.00240221     -0.00274961
     -0.00133017     -0.00143939
    -0.000368759    -0.000417745
    -0.000646071    -0.000737562
      -0.0027407      -0.0029185
    -0.000174137    -0.000193969
    -0.000882375    -0.000929362
    -0.000146943    -0.000162958
     -2.2129e-05    -8.93325e-05
      8.9081e-05     5.56918e-05
     -0.00180352     -0.00204275
     -0.00608068     -0.00608906
     -0.00617546     -0.00657058
    -0.000354682    -0.000374231
    -0.000497729    -0.000478928
     -0.00753535     -0.00752343
     -8.9138e-05     -0.00011887
     -0.00164516     -0.00166356
    -0.000489109    -0.000515386
     0.000126978     0.000112175
     -0.00270138     -0.00312141
     -0.00188479     -0.00176205
     -0.00491234      -0.0047559
     -0.00105998     -0.00115526
    -0.000113576    -0.000113678
     -0.00581785     -0.00578872
     0.000273286      0.00015544
     -3.9973e-05     -3.2036e-05
     -0.00290777      -0.0028164
    -0.000233046    -0.000254588
     -0.00205612     -0.00241211
    -0.000512105    -0.000486905
     -0.00149506     -0.00169826
    -0.000547296    -0.000532664
    -0.000173079    -0.000162215
     -0.00165078     -0.00173248
    -0.000160149    -0.000197584
    -0.000325918    -0.000383907
    -0.000188471    -0.000216208
    -0.000322072    -0.000384106
     -0.00484579     -0.00458237
     -0.00418528      -0.0046067
    -0.000105499    -9.39711e-05
     -0.00261653     -0.00277475
        5.88e-06     1.31799e-05
    -0.000384207    -0.000435966
    -0.000483763    -0.000424324
     -0.00125059     -0.00112456
    -0.000783813    -0.000763475
    -0.000524493    -0.000575271
     -0.00149752     -0.00152723
     -0.00204426     -0.00217734
     -6.0676e-05    -7.67235e-05
    -0.000188724    -0.000261486
    -0.000225771    -0.000260358
    -0.000478893    -0.000476383
     -0.00636906     -0.00606047
       8.852e-06    -4.64505e-05
     -0.00130454     -0.00147878
      5.9219e-05     6.56215e-05
     -0.00712323     -0.00677872
    -0.000439765    -0.000631421
     -0.00316903      -0.0032601
     -5.0493e-05    -6.17872e-05
     -0.00207427     -0.00191343
     -0.00350443     -0.00363014
      -0.0011967     -0.00104981
    -0.000699156    -0.000793193
    -0.000981611     -0.00102259
     -0.00165779     -0.00178452
     -0.00210549      -0.0020474
     -5.8998e-05    -7.58787e-05
     -0.00837079     -0.00825925
      0.00010225     8.77543e-05
     -0.00206717     -0.00197635
     -0.00029937    -0.000299948
     -0.00057931    -0.000652275
      0.00026634     0.000236226
    -0.000650108    -0.000660805
    -0.000995923     -0.00098226
     -0.00168209     -0.00157074
     0.000108015     6.84571e-05
     -4.5887e-05     -4.6252e-05
     -0.00443876     -0.00445398
    -0.000163257    -0.000194469
     -0.00029314    -0.000332337
    -0.000118349    -0.000115287
    -0.000148634    -0.000157263
    -0.000141135    -0.000199243
     -0.00243889     -0.00251757
     -0.00227236     -0.00236009
     -0.00041059    -0.000435982
     -1.8845e-05    -2.38702e-05
     -0.00198955     -0.00212614
     -0.00510279     -0.00464042
      -3.039e-05     -4.6308e-05
    -0.000125162    -0.000133359
    -0.000405082    -0.000397522
     -0.00988079     -0.00945445
       4.618e-05     5.01048e-05
     -0.00922092      -0.0101205
      0.00012269     9.37143e-05
    -0.000728023    -0.000731477
    -0.000440065    -0.000583332
      -0.0163018      -0.0157098
      -0.0069821     -0.00683555
     -0.00155786     -0.00149145
    -0.000476288    -0.000419171
     -0.00422309     -0.00446235
      4.0452e-05     4.68653e-05
    -0.000555292    -0.000536907
      -0.0010378     -0.00115196
     -0.00590158     -0.00632917
    -0.000433036    -0.000473166
    -0.000254692    -0.000204665
     -0.00146625     -0.00159472
      2.8879e-05     3.25505e-05
    -0.000247703     -0.00024162
    -0.000337428    -0.000341279
     -0.00449055     -0.00452488
      3.8702e-05    -1.39024e-05
      3.7332e-05     8.42409e-06
    -0.000427562    -0.000511883
     -0.00260629        -0.00259
     -0.00161069     -0.00180405
      -0.0136709      -0.0134697
      -7.902e-05    -9.99708e-05
    -0.000352078    -0.000373596
     -0.00229686     -0.00252283
    -0.000504705    -0.000496225
     -8.3816e-05    -0.000163246
    -0.000827403    -0.000781772
     -0.00338596     -0.00335605
     -4.1823e-05    -4.26452e-05
     -0.00499473      -0.0047954
     -7.8072e-05    -8.72528e-05
     -0.00091762     -0.00103973
      -0.0027379     -0.00268091
    -0.000987561     -0.00104196
     0.000103031     7.02335e-05
    -0.000458373    -0.000469132
    -0.000703418    -0.000680901
    -0.000348483    -0.000360506
      -5.889e-05    -7.87187e-05
     -0.00134271     -0.00128229
     -0.00852947     -0.00866541
     -0.00919991     -0.00886422
     -0.00393904     -0.00402111
    -0.000351461     -0.00051651
    -0.000792744    -0.000847369
     -0.00065414    -0.000712239
     -0.00692161     -0.00684792
    -0.000540506    -0.000530618
      -0.0104793      -0.0102951
     -0.00118347     -0.00127642
     -0.00522148     -0.00519289
    -0.000345541    -0.000488489
     0.000138257     0.000108003
    -0.000221891    -0.000291512
     -0.00137343     -0.00142717
    -0.000755248    -0.000728197
     -0.00380972      -0.0037838
    -0.000284345    -0.000267981
     -0.00554736     -0.00563093
      -0.0016243     -0.00162348
    -0.000239573    -0.000269393
     -0.00660049     -0.00646173
     -0.00193148     -0.00200839
    -0.000548879    -0.000600163
     -0.00511407     -0.00501735
    -0.000188943    -0.000194089
     -0.00257918     -0.00257839
    -0.000483292    -0.000578475
    -0.000260999    -0.000277446
    -0.000819029    -0.000846771
      9.8957e-05       7.966e-05
      -0.0014791     -0.00144442
     -0.00212329     -0.00210242
     -0.00142108     -0.00143227
     -0.00488558     -0.00467594
    -0.000367139    -0.000424309
    -0.000289009    -0.000332463
      4.0763e-05     2.24997e-05
    -0.000883317     -0.00102436
     0.000100435     8.67442e-05
    -0.000346278     -0.00028439
     -0.00768098     -0.00753122
     -0.00627045     -0.00624659
     -0.00609487     -0.00577172
     -0.00480558     -0.00498526
     -0.00154566     -0.00172485
     -0.00222155     -0.00230247
     -0.00183205     -0.00209858
      -1.607e-05    -6.24586e-05
     -0.00271271     -0.00289428
     -0.00143913     -0.00148171
     -0.00344637     -0.00343749
    -0.000837926    -0.000740654
    -0.000610103    -0.000592173
     -0.00136935     -0.00140942
    -0.000210579    -0.000223367
     -0.00229927     -0.00259267
    -0.000208985    -0.000192393
     -0.00168037     -0.00162682
     -0.00037927    -0.000348696
      3.9044e-05     6.92781e-06
    -0.000169402    -0.000226567
      -5.599e-06    -1.36769e-05
      6.6589e-05     1.48633e-05
    -0.000224595    -0.000253227
     -0.00029556    -0.000366789
     -0.00150291     -0.00156781
     -0.00382414      -0.0040442
     -1.7424e-05    -5.52766e-05
     -0.00030544    -0.000290734
    -0.000475338     -0.00050787
     -0.00116693     -0.00147263
     -0.00764225     -0.00778768
    -0.000595549    -0.000576497
    -0.000182075    -0.000226097
     -0.00150764     -0.00159914
       1.421e-05    -3.44262e-06
     -3.2195e-05      -3.918e-05
    -0.000695195     -0.00074729
     -6.3788e-05    -0.000106308
     -0.00245607     -0.00238573
     0.000113827     9.72511e-05
      2.6791e-05     1.44903e-05
     -0.00214992      -0.0022347
     -0.00309546     -0.00331516
    -0.000557781    -0.000604622
    -0.000603456      -0.0008118
     -0.00506064     -0.00498829
    -0.000464865    -0.000522771
      -0.0012529     -0.00119727
       1.273e-06     1.91872e-05
     -9.8662e-05    -0.000114152
     -9.3187e-05    -0.000170978
    -0.000198319    -0.000250149
     -0.00644261     -0.00662174
     -0.00506782     -0.00501873
     -0.00021674    -0.000239786
     -0.00438121     -0.00439702
      -4.449e-05    -5.65148e-05
     -0.00187816     -0.00179509
     -7.6152e-05    -4.90663e-05
     -0.00778994      -0.0079832
     -0.00149067     -0.00138068
    -0.000520795    -0.000450681
     -0.00187143     -0.00186481
     -0.00493134     -0.00471287
     -0.00527578     -0.00515113
    -0.000877775    -0.000902992
    -0.000393425    -0.000473504
     -6.8067e-05    -6.52809e-05
    -0.000694525    -0.000757627
     -5.9936e-05    -6.17554e-05
    -0.000719597    -0.000704259
    -0.000180125    -0.000142531
     0.000150726     0.000145352
     -0.00785269     -0.00757767
    -0.000553325    -0.000577651
     -0.00068838    -0.000650664
    -0.000346025    -0.000360162
      2.2546e-05     4.16232e-06
     -3.2966e-05    -6.92855e-05
     -7.5682e-05    -0.000105131
    -0.000204187    -0.000227146
    -0.000375415    -0.000421641
    -0.000209895    -0.000208758
    -0.000139881    -0.000141438
     -2.1745e-05    -6.13824e-05
    -0.000953725     -0.00109028
    -0.000671971    -0.000661645
     -0.00106476     -0.00126491
     -0.00251973     -0.00248182
    -0.000107928    -9.99846e-05
     -0.00397579     -0.00433246
      6.4337e-05     3.65669e-05
      -0.0109625      -0.0108324
     0.000331898     0.000254882
     -0.00614489     -0.00625386
    -0.000898742    -0.000797472
    -0.000509537    -0.000596104
     -0.00376747     -0.00405084
     -0.00106371     -0.00115797
    -0.000113703    -0.000114588
     -0.00070229    -0.000806008
    -0.000247197     -0.00027329
     -0.00365457     -0.00368191
    -0.000754193    -0.000786881
     -0.00359966     -0.00370112
      9.7973e-05     7.75382e-05
     -0.00111838     -0.00123056
    -0.000564568     -0.00057597
     -0.00185589     -0.00193184
     -0.00121882     -0.00131326
      -1.479e-06    -6.09293e-05
    -0.000241754    -0.000292187
      4.9054e-05    -2.03257e-05
    -0.000811884    -0.000901471
     0.000132552     0.000123426
    -0.000245302    -0.000267901
     -0.00215405     -0.00209836
     -0.00357892     -0.00347655
     -4.2714e-05    -2.62826e-05
     -0.00133059     -0.00135942
    -0.000981733    -0.000973161
    -0.000443085      -0.0004839
    -0.000241916    -0.000251957
    -0.000122253    -0.000124544
     -0.00278159     -0.00305986
    -0.000430166    -0.000473205
    -0.000841868    -0.000823296
     -0.00102109     -0.00103805
    -0.000184636    -0.000257872
    -0.000387816    -0.000368912
    -0.000275615    -0.000307035
     -0.00200168     -0.00230535
     -0.00405786     -0.00436565
    -0.000350898    -0.000496255
    -0.000233706    -0.000297045
     -0.00305917     -0.00320331
    -0.000533658    -0.000512281
     -0.00402514     -0.00407068
     -0.00115945     -0.00120491
      -0.0010998     -0.00122433
    -0.000599584    -0.000595554
    -0.000649678    -0.000626169
    -0.000626912    -0.000696315
     -6.8517e-05    -6.94579e-05
     0.000363726     0.000241181
     -0.00552547     -0.00544594
      0.00021634      6.7946e-05
     -0.00273654      -0.0027578
    -0.000256665    -0.000258465
     -0.00194653     -0.00200274
     -0.00471792     -0.00478613
      0.00017243     0.000145909
      3.5569e-05     2.11223e-05
     -0.00613613     -0.00583657
    -0.000451035    -0.000434541
    -0.000205945    -0.000179961
    -0.000352755     -0.00040643
     -0.00150642     -0.00168488
     -0.00108483     -0.00105058
      -0.0062682     -0.00638092
     -0.00648226     -0.00665423
    -0.000153671    -0.000135435
     -0.00259831     -0.00259296
     -0.00237026     -0.00225213
     0.000227393     0.000157823
      -0.0162115       -0.016069
     -7.9271e-05    -9.89776e-05
    -0.000583526    -0.000704747
     -6.7321e-05    -7.89307e-05
     -0.00117067     -0.00118005
    -0.000253127    -0.000235099
    -0.000475979    -0.000451946
     -0.00010328    -0.000147712
    -0.000310844    -0.000343348
     -1.8813e-05    -4.62149e-05
       7.246e-05     6.86895e-05
    -0.000317916    -0.000362877
     -0.00197116     -0.00190433
     0.000122863     0.000106442
       -0.011017      -0.0109818
    -0.000535791    -0.000763501
       -0.011106      -0.0116015
    -0.000831462     -0.00088166
     0.000146304     0.000133152
    -0.000284107    -0.000267382
     -0.00296577     -0.00298994
    -0.000430172    -0.000414116
     -0.00232111     -0.00219915
    -0.000114797    -0.000142465
     -0.00016112    -0.000197772
     -0.00766353     -0.00829412
    -0.000933441     -0.00101539
     -0.00152637     -0.00169469
     -0.00696324      -0.0067091
     -0.00387854     -0.00411754
      4.5223e-05     2.00384e-05
     -1.3444e-05    -8.51735e-05
    -0.000478205     -0.00044275
     -0.00189844     -0.00198757
    -0.000384642    -0.000387865
     -0.00177931     -0.00207596
     -0.00487225     -0.00500215
    -0.000661573    -0.000667652
      7.6462e-05     8.39042e-05
     -0.00735534     -0.00736766
    -0.000569436    -0.000559614
     -0.00718844     -0.00717617
    -0.000663369    -0.000840065
     -0.00593058     -0.00580693
     -0.00231921     -0.00208029
     -0.00649983     -0.00632968
    -0.000299627    -0.000302392
    -0.000455128    -0.000537561
    -0.000291593    -0.000285923
    -0.000531362    -0.000513562
     -4.9085e-05    -7.01479e-05
     -0.00363686     -0.00376675
     0.000148468     0.000129829
    -0.000241538    -0.000336551
    -0.000228799    -0.000309779
    -0.000313872    -0.000448419
      2.5874e-05    -8.84831e-07
     -0.00228853     -0.00255648
     -0.00297104     -0.00324684
    -0.000619443    -0.000715482
    -0.000199146     -0.00018391
    -0.000118926    -0.000118701
    -0.000190573     -0.00018073
    -0.000359454    -0.000358427
     -0.00458784     -0.00449703
     -0.00180343     -0.00204812
    -0.000687322    -0.000728158
     0.000130098    -2.24457e-06
      -0.0001336    -0.000217697
     -8.2146e-05    -8.44451e-05
    -0.000148471    -0.000265457
    -0.000130311     -0.00014553
    -0.000293563    -0.000319162
    -0.000636035     -0.00064225
       4.625e-05     1.24213e-05
    -0.000201214    -0.000214641
     -0.00109812     -0.00100627
     -0.00218914      -0.0023363
     -0.00187015     -0.00204913
     -0.00103015    -0.000978934
    -0.000792411     -0.00073426
    -0.000933547    -0.000973907
    -0.000190493     -0.00024097
    -0.000920842    -0.000867369
      0.00042508     0.000339559
      -0.0047482     -0.00460126
     -0.00213595     -0.00209301
    -0.000706261    -0.000823621
      2.6503e-05     -4.2149e-05
     -0.00132052     -0.00131867
    -0.000477099    -0.000456623
      -0.0018991     -0.00195387
    -0.000364394    -0.000397762
     -0.00262104     -0.00254298
      6.2365e-05     5.17413e-05
    -0.000783792    -0.000957123
     -0.00040235    -0.000446751
     -0.00705658     -0.00683086
     -0.00172882     -0.00199202
     -0.00133645     -0.00134814
     -0.00721074     -0.00718296
     -0.00153396      -0.0018808
     -0.00043234     -0.00062646
    -0.000289102    -0.000261213
    -0.000202319    -0.000186378
     -0.00164521     -0.00162986
     -0.00303519      -0.0030683
     -0.00052451     -0.00051533
    -0.000302578    -0.000363434
    -0.000125776    -0.000131265
      -0.0030152     -0.00300175
    -0.000182767    -0.000185279
    -0.000514333    -0.000607366
     0.000112576     0.000112644
    -0.000260737    -0.000257296
    -0.000396816    -0.000367451
    -0.000284537    -0.000247791
    -0.000643967    -0.000719554
     -0.00145672     -0.00144762
    -0.000338689     -0.00030436
     -0.00167242     -0.00174072
    -0.000348098    -0.000332379
     -0.00201789      -0.0019778
    -0.000201288    -0.000221792
     -0.00963875     -0.00958547
    -0.000232106    -0.000228974
     -0.00168589     -0.00180329
     -0.00171365     -0.00188326
     -0.00134678     -0.00134486
       -0.003478     -0.00343866
    -0.000192939    -0.000216435
     -0.00224895     -0.00248047
     0.000219474      0.00017647
      1.2599e-05     -2.1385e-05
    -0.000355375    -0.000408521
     -0.00404987     -0.00429797
     -0.00330631     -0.00342748
     -8.8126e-05    -9.79077e-05
     -0.00644083     -0.00625181
    -0.000121304    -0.000122866
     -9.3018e-05    -0.000142589
