QM Energy	FF Energy
     -0.00195043     -0.00192282
     -0.00574275     -0.00568437
     -0.00314487     -0.00313585
     -0.00524386     -0.00519486
    -0.000798178    -0.000810093
     -0.00446239     -0.00448742
     -0.00209822      -0.0020649
     -0.00405777     -0.00406342
     -0.00151964     -0.00151736
    -0.000831737    -0.000837737
     -0.00205572     -0.00203968
     -0.00845256     -0.00835742
     -0.00215601      -0.0021909
     -0.00485591     -0.00490185
    -0.000858866    -0.000842839
     -0.00163496     -0.00158561
     -0.00730147     -0.00736706
    -0.000661482    -0.000588165
    -0.000757232    -0.000708244
     -0.00326531     -0.00326551
     -0.00490803     -0.00501525
     -0.00218517     -0.00217864
     -0.00110687     -0.00110416
     -0.00584073     -0.00585172
    -0.000949166    -0.000922763
    -0.000669983    -0.000601605
     -0.00103996      -0.0009633
     -0.00291079     -0.00292633
     -0.00788449     -0.00791449
     -0.00279709     -0.00281435
     -0.00153807     -0.00147728
     -0.00485708     -0.00499902
     -0.00260513     -0.00260252
     -0.00459276     -0.00455232
     -0.00400704     -0.00414489
     -0.00293198     -0.00293481
    -0.000924188    -0.000923246
     -0.00299038     -0.00297538
     -0.00736801     -0.00752809
     -0.00210368     -0.00203309
     -0.00177151     -0.00177057
     -0.00117141     -0.00113963
     -0.00114377     -0.00112859
     -0.00196635     -0.00194907
     -0.00242103     -0.00236664
    -0.000963319    -0.000934602
     -0.00167706     -0.00168919
     -0.00620725     -0.00616648
      -0.0063016     -0.00619014
      -0.0046421     -0.00461965
     -0.00322414      -0.0032012
     -0.00156812     -0.00157088
     -0.00330163     -0.00330541
     -0.00618186      -0.0061148
     -0.00246525     -0.00247633
     -0.00118848     -0.00123332
    -0.000763482    -0.000737737
     -0.00411587     -0.00408584
     -0.00594787     -0.00595491
    -0.000934366    -0.000874732
     -0.00135598     -0.00130757
      -0.0060239      -0.0060607
     -0.00347216     -0.00352833
     -0.00118256     -0.00112656
     -0.00426868      -0.0041978
     -0.00253001     -0.00250554
     -0.00247471     -0.00248916
     -0.00107273     -0.00101054
     -0.00327698     -0.00326054
     -0.00387166     -0.00399601
     -0.00293042     -0.00291596
     -0.00101436     -0.00097108
     -0.00147553     -0.00147809
       -0.003738     -0.00372862
     -0.00993052     -0.00979543
     -0.00097856     -0.00091624
     -0.00147549     -0.00143421
     -0.00255482     -0.00258321
     -0.00508026     -0.00518612
     -0.00884125     -0.00882389
     -0.00250495     -0.00244829
     -0.00250687     -0.00252266
     -0.00411805     -0.00406911
     -0.00282338     -0.00283612
     -0.00279102     -0.00276476
     -0.00423108      -0.0043361
     -0.00266421     -0.00266746
     -0.00186567     -0.00181461
     -0.00425944     -0.00425641
     -0.00342813     -0.00338598
      -0.0016125     -0.00155391
     -0.00794786     -0.00786284
     -0.00116609      -0.0011055
     -0.00503271     -0.00505327
     -0.00365911     -0.00368338
     -0.00587771     -0.00585831
     -0.00402366     -0.00406652
     -0.00210422     -0.00203049
     -0.00623985     -0.00621059
     -0.00103261     -0.00100616
     -0.00090562    -0.000854345
     -0.00261924     -0.00260812
     -0.00303993     -0.00313016
     -0.00210256     -0.00207011
     -0.00214748     -0.00214372
     -0.00384453      -0.0038776
     -0.00724167     -0.00713487
     -0.00301042     -0.00305309
     -0.00437929     -0.00445996
     -0.00554368     -0.00556394
     -0.00467719     -0.00461541
      -0.0045033     -0.00449408
     -0.00514312     -0.00530291
     -0.00341408     -0.00355702
     -0.00340158     -0.00348136
     -0.00319916     -0.00324549
    -0.000691412     -0.00061142
     -0.00393944     -0.00399746
     -0.00479266     -0.00482279
     -0.00706493     -0.00706876
     -0.00734996     -0.00744564
     -0.00846665     -0.00824856
    -0.000980987     -0.00092685
     -0.00370456     -0.00378125
     -0.00554342     -0.00557504
     -0.00506819     -0.00502465
     -0.00140293     -0.00141631
     -0.00140903     -0.00139365
     -0.00684011     -0.00697432
     -0.00629781     -0.00619523
        -0.00272     -0.00271489
     -0.00678439     -0.00679922
      -0.0031643     -0.00312506
     -0.00164955     -0.00163322
     -0.00188784     -0.00185183
    -0.000693207    -0.000689157
     -0.00100998     -0.00100889
    -0.000987345    -0.000993548
     -0.00211796     -0.00203904
      -0.0035556     -0.00360044
     -0.00469603     -0.00474632
     -0.00645798     -0.00649134
    -0.000675427    -0.000615288
     -0.00336176     -0.00343611
     -0.00206285     -0.00203211
     -0.00305085     -0.00306826
    -0.000896154     -0.00082981
     -0.00120409     -0.00116511
     -0.00569055     -0.00562786
     -0.00436092     -0.00436831
     -0.00209911     -0.00208359
    -0.000753838     -0.00072995
     -0.00341363     -0.00339334
    -0.000873017    -0.000884302
      -0.0058933     -0.00585007
      -0.0023266     -0.00231328
     -0.00371952     -0.00370256
     -0.00542336     -0.00558549
       -0.011302      -0.0112423
     -0.00204353     -0.00201372
     -0.00622345     -0.00626819
     -0.00572754     -0.00581095
     -0.00167897     -0.00162237
     -0.00172423     -0.00172751
     -0.00121253     -0.00114443
     -0.00112317     -0.00109326
     -0.00123471     -0.00119426
     -0.00153629     -0.00156512
     -0.00712887     -0.00708464
     -0.00338842     -0.00340872
     -0.00152699     -0.00146074
     -0.00302899     -0.00302776
      -0.0039736     -0.00398264
     -0.00122911      -0.0011748
     -0.00176571     -0.00174964
     -0.00731352     -0.00743102
     -0.00416151     -0.00414525
     -0.00262877     -0.00259839
     -0.00260718     -0.00262319
     -0.00126805     -0.00120622
     -0.00317463     -0.00320318
     -0.00163478     -0.00159106
     -0.00108528     -0.00108941
      -0.0011593     -0.00110293
     -0.00431458     -0.00428954
    -0.000783543    -0.000782974
     -0.00154493      -0.0014983
    -0.000888331    -0.000838068
      -0.0018652     -0.00184885
     -0.00391699     -0.00383678
     -0.00460287     -0.00468936
     -0.00184482     -0.00183525
     -0.00408372     -0.00411718
     -0.00077176    -0.000733684
     -0.00175551     -0.00174366
      -0.0014052     -0.00139552
     -0.00214002     -0.00210204
     -0.00104221    -0.000985977
    -0.000735905    -0.000687543
     -0.00905154     -0.00903626
    -0.000873865    -0.000842096
     -0.00207813     -0.00213006
     -0.00374255     -0.00383191
    -0.000863332    -0.000804813
     -0.00346456     -0.00353456
    -0.000852809    -0.000880135
     -0.00119909     -0.00117225
     -0.00414745     -0.00412433
     -0.00281384     -0.00281816
     -0.00588509     -0.00595034
       -0.001707     -0.00168786
    -0.000690742    -0.000643605
    -0.000826921    -0.000783781
     -0.00111041     -0.00108152
    -0.000878513    -0.000836048
     -0.00242107     -0.00239445
     -0.00505594     -0.00503966
      -0.0018647     -0.00184818
     -0.00112891      -0.0010876
     -0.00343426     -0.00340001
     -0.00478653     -0.00482245
      -0.0028719     -0.00288222
     -0.00140216      -0.0013283
     -0.00314988     -0.00325838
     -0.00118796     -0.00115531
       -0.001703     -0.00167016
     -0.00662045     -0.00672291
     -0.00267209     -0.00260146
      -0.0041003     -0.00423961
     -0.00586616     -0.00591103
     -0.00567164     -0.00566809
     -0.00261454      -0.0026319
      -0.0019912     -0.00196213
     -0.00329184     -0.00332633
     -0.00947633     -0.00939113
      -0.0036881     -0.00366816
     -0.00248817      -0.0025247
     -0.00937009     -0.00923817
     -0.00638227     -0.00647606
     -0.00997083     -0.00988347
     -0.00784231     -0.00787908
     -0.00141031     -0.00140722
    -0.000667806    -0.000613725
     -0.00317499     -0.00320631
     -0.00186166     -0.00184086
      -0.0022095     -0.00224607
     -0.00111565     -0.00115051
     -0.00256389     -0.00257716
     -0.00233261     -0.00232313
     -0.00566838      -0.0057707
     -0.00461867     -0.00459967
     -0.00869894     -0.00857082
     -0.00455112     -0.00458529
     -0.00291264     -0.00294844
     -0.00322846      -0.0031725
     -0.00115731     -0.00112807
       -0.012695      -0.0126479
    -0.000573943    -0.000532452
     -0.00206166     -0.00199864
     -0.00665532     -0.00674416
     -0.00082969    -0.000813034
     -0.00105523     -0.00100265
     -0.00314549     -0.00316835
     -0.00267179      -0.0027407
     -0.00272254     -0.00269292
     -0.00283516     -0.00281779
    -0.000837587    -0.000808701
     -0.00101306    -0.000958284
     -0.00108564     -0.00102582
     -0.00131953     -0.00127547
      -0.0036937     -0.00369374
     -0.00761473     -0.00761546
     -0.00140422     -0.00136672
     -0.00233735     -0.00233193
     -0.00412089     -0.00415767
    -0.000976118    -0.000941476
     -0.00705206     -0.00719147
     -0.00261559     -0.00267612
    -0.000665524    -0.000615403
     -0.00295033     -0.00301555
     -0.00118148     -0.00113079
     -0.00353411     -0.00351248
      -0.0109205      -0.0107976
     -0.00473745     -0.00478351
     -0.00330793     -0.00333246
    -0.000666402    -0.000609005
     -0.00140468     -0.00135573
     -0.00126769      -0.0012124
     -0.00403966     -0.00407925
       -0.003925     -0.00386273
     -0.00680129     -0.00681919
     -0.00305739     -0.00310458
     -0.00324705     -0.00322894
     -0.00912801     -0.00932936
    -0.000785682    -0.000734967
     -0.00449822     -0.00446808
     -0.00141303     -0.00136463
     -0.00693099      -0.0071025
      -0.0032451     -0.00322462
    -0.000819013    -0.000757764
     -0.00118731     -0.00118406
     -0.00179376     -0.00177526
     -0.00296558     -0.00291268
     -0.00149875     -0.00144937
     -0.00111354     -0.00109575
     -0.00246357     -0.00250213
     -0.00293085     -0.00292642
     -0.00111544     -0.00105519
     -0.00534646     -0.00532206
     -0.00114981       -0.001093
     -0.00115576     -0.00115417
     -0.00393735     -0.00397148
     -0.00185803      -0.0017874
     -0.00285997     -0.00282907
     -0.00370257     -0.00380968
     -0.00759961     -0.00759305
     -0.00112425     -0.00106516
    -0.000743154    -0.000726543
      -0.0027148     -0.00271867
     -0.00412659     -0.00421461
      -0.0040647     -0.00420704
      -0.0019883     -0.00198602
     -0.00320075     -0.00318224
    -0.000968111    -0.000936817
    -0.000911904    -0.000913397
     -0.00353886     -0.00359927
    -0.000738697    -0.000724427
     -0.00851628     -0.00855898
    -0.000912147    -0.000893357
     -0.00087742    -0.000857047
     -0.00270487     -0.00277034
    -0.000844949    -0.000814033
     -0.00232364     -0.00227449
    -0.000674378    -0.000642144
     -0.00550708      -0.0054025
     -0.00482029      -0.0048666
     -0.00426361     -0.00432038
     -0.00433741     -0.00431521
      -0.0015944     -0.00151509
    -0.000733358    -0.000699413
     -0.00167609     -0.00163179
     -0.00096266    -0.000903901
     -0.00240945     -0.00250356
     -0.00209681     -0.00206807
     -0.00106714     -0.00108029
     -0.00203177     -0.00198464
     -0.00621154     -0.00627106
     -0.00163988     -0.00159798
     -0.00936318      -0.0094287
     -0.00175604     -0.00170317
    -0.000899129    -0.000846035
     -0.00382232     -0.00378355
    -0.000670344    -0.000644843
     -0.00111564     -0.00109452
     -0.00106613    -0.000996775
    -0.000773894    -0.000730919
    -0.000983008    -0.000964479
     -0.00672298     -0.00683019
     -0.00228483     -0.00221196
     -0.00119612     -0.00117201
     -0.00281901     -0.00279893
     -0.00221373     -0.00225409
      -0.0012386     -0.00117543
     -0.00767904     -0.00759321
    -0.000781704    -0.000769006
     -0.00649207     -0.00648094
     -0.00140745      -0.0013774
     -0.00788286     -0.00785372
     -0.00353575     -0.00358451
    -0.000801492    -0.000743402
     -0.00100167    -0.000976142
     -0.00123344     -0.00128131
      -0.0014663     -0.00136735
     -0.00742507     -0.00755849
     -0.00621152     -0.00625059
     -0.00188208     -0.00182226
     -0.00219686      -0.0022017
     -0.00543361     -0.00530904
     -0.00197268     -0.00191668
     -0.00542819      -0.0053743
     -0.00158547     -0.00152543
     -0.00189013      -0.0018766
     -0.00569381      -0.0055992
     -0.00176205     -0.00169755
     -0.00248785     -0.00246224
    -0.000773639    -0.000715658
     -0.00127225     -0.00125437
     -0.00463008     -0.00459044
     -0.00108256      -0.0010594
      -0.0069597     -0.00699122
     -0.00118768     -0.00112622
      -0.0011103     -0.00104008
     -0.00231526     -0.00229847
      -0.0082023     -0.00821075
     -0.00346979     -0.00346401
     -0.00164063     -0.00156931
     -0.00372595     -0.00371377
    -0.000805356    -0.000804839
     -0.00222164     -0.00218054
      -0.0121908      -0.0122367
     -0.00180729     -0.00177623
     -0.00346203     -0.00352768
     -0.00283886     -0.00282766
     -0.00426407     -0.00428843
     -0.00185064     -0.00185796
     -0.00229052     -0.00229925
     -0.00587405     -0.00586848
     -0.00182088     -0.00180575
     -0.00059814    -0.000596792
     -0.00701742     -0.00709415
     -0.00295986     -0.00303956
    -0.000777216    -0.000715029
     -0.00677407     -0.00691042
     -0.00141592     -0.00136265
     -0.00122931      -0.0012074
     -0.00404194     -0.00412878
     -0.00070444    -0.000628816
     -0.00113852     -0.00111032
     -0.00110671     -0.00104443
    -0.000599954    -0.000551346
     -0.00186167     -0.00181114
     -0.00202837      -0.0020853
     -0.00573309     -0.00577386
     -0.00165263     -0.00158726
     -0.00148121     -0.00142542
     -0.00139575     -0.00132444
     -0.00774068     -0.00754835
     -0.00322395     -0.00323967
    -0.000852059    -0.000857832
      -0.0013292     -0.00129558
     -0.00335771     -0.00337974
     -0.00234314     -0.00231103
     -0.00102249     -0.00103582
     -0.00155703     -0.00151249
     -0.00432064     -0.00447064
     -0.00521617     -0.00547158
     -0.00192845      -0.0018335
      -0.0048207     -0.00490372
     -0.00467235     -0.00464167
     -0.00921868     -0.00932706
     -0.00701569     -0.00697396
     -0.00463795     -0.00484198
     -0.00322781     -0.00322923
     -0.00311377     -0.00305184
     -0.00141076      -0.0013596
     -0.00749368     -0.00754414
     -0.00492995     -0.00496184
     -0.00364213     -0.00364095
     -0.00288769     -0.00292131
     -0.00138703     -0.00133743
    -0.000914728    -0.000876849
     -0.00343968     -0.00342319
     -0.00146601      -0.0014603
     -0.00275461     -0.00276613
      -0.0021536     -0.00217802
     -0.00717308     -0.00728767
     -0.00180695      -0.0017772
     -0.00117278     -0.00110879
     -0.00109213     -0.00103371
     -0.00472144     -0.00483367
     -0.00530389      -0.0052998
    -0.000849077     -0.00079017
      -0.0039213     -0.00404151
     -0.00137764     -0.00131347
      -0.0049421     -0.00498908
     -0.00320753     -0.00328314
     -0.00137813     -0.00133777
     -0.00134638      -0.0013403
     -0.00116903     -0.00115756
     -0.00103508    -0.000998121
     -0.00173973     -0.00173054
     -0.00564524     -0.00568886
     -0.00170345     -0.00163284
     -0.00119282     -0.00113418
     -0.00685604     -0.00675213
     -0.00177768     -0.00172478
     -0.00149645     -0.00144219
      -0.0017515     -0.00172384
     -0.00262481     -0.00261438
     -0.00547616     -0.00554102
     -0.00189483     -0.00187382
     -0.00406104     -0.00417012
     -0.00124757     -0.00125206
       -0.005187     -0.00515761
     -0.00352402      -0.0035336
    -0.000762266      -0.0006962
     -0.00163543     -0.00159197
     -0.00688426     -0.00689178
       -0.007551     -0.00752107
     -0.00144858     -0.00139021
     -0.00159373       -0.001562
      -0.0101708       -0.010219
     -0.00130024     -0.00126187
     -0.00170609     -0.00167933
     -0.00154661     -0.00158906
      -0.0014368     -0.00142193
     -0.00157003     -0.00154262
     -0.00542492     -0.00540342
     -0.00543017     -0.00547266
     -0.00328057     -0.00331368
     -0.00137973     -0.00136356
     -0.00225702     -0.00225451
      -0.0045479     -0.00453185
    -0.000924949    -0.000922899
     -0.00252001     -0.00244118
    -0.000657814    -0.000656053
      -0.0015484       -0.001516
     -0.00113275     -0.00110437
     -0.00468546     -0.00477709
     -0.00706475     -0.00703923
     -0.00781766     -0.00799867
     -0.00147549     -0.00143903
     -0.00145389     -0.00138341
     -0.00805774     -0.00812996
    -0.000770602    -0.000770389
     -0.00316808     -0.00314622
     -0.00175487      -0.0017001
    -0.000749046    -0.000671856
     -0.00583919     -0.00592387
     -0.00368521     -0.00367474
     -0.00588194     -0.00575221
     -0.00314743     -0.00317511
    -0.000962518    -0.000903319
     -0.00741361     -0.00747845
     -0.00196852     -0.00200489
     -0.00112139     -0.00106358
     -0.00456729     -0.00464081
     -0.00111429     -0.00112081
     -0.00375009     -0.00374649
     -0.00132123     -0.00123676
     -0.00472651     -0.00482036
     -0.00169661      -0.0016442
     -0.00113762     -0.00105718
     -0.00317406     -0.00313072
      -0.0014982     -0.00146827
     -0.00158558     -0.00154337
    -0.000964381    -0.000953994
     -0.00133327     -0.00126601
     -0.00662814      -0.0065783
     -0.00623447     -0.00612613
     -0.00130706     -0.00127246
     -0.00503549     -0.00507942
    -0.000777428    -0.000705068
     -0.00288241     -0.00287793
     -0.00166808      -0.0016118
     -0.00338576     -0.00334672
     -0.00171212     -0.00171795
     -0.00342549     -0.00344833
     -0.00305646     -0.00305214
     -0.00358276     -0.00364035
     -0.00104675    -0.000998787
      -0.0017525     -0.00175235
      -0.0015493     -0.00151378
     -0.00108878     -0.00101652
     -0.00667723      -0.0066076
     -0.00143481     -0.00143137
     -0.00331971     -0.00334972
    -0.000871591     -0.00080315
     -0.00847052     -0.00839116
     -0.00390711     -0.00386874
     -0.00515721      -0.0050923
     -0.00079744    -0.000788445
     -0.00495566     -0.00488839
     -0.00524808      -0.0053841
     -0.00391197     -0.00390121
     -0.00232414     -0.00232493
     -0.00245016     -0.00248035
     -0.00387364     -0.00401363
     -0.00389235     -0.00392526
       -0.001492     -0.00145314
     -0.00988617     -0.00988397
    -0.000711718    -0.000680524
     -0.00286072     -0.00286121
     -0.00168472     -0.00163181
     -0.00166022     -0.00162812
    -0.000772411    -0.000769964
     -0.00199978     -0.00198455
     -0.00308307     -0.00312494
     -0.00345271     -0.00342859
    -0.000835215    -0.000811544
     -0.00159829      -0.0015688
     -0.00621296     -0.00615826
    -0.000717324    -0.000666296
     -0.00109454     -0.00104528
     -0.00114611     -0.00111175
     -0.00246539     -0.00244424
     -0.00155572     -0.00149366
     -0.00421599     -0.00421309
     -0.00407194     -0.00408139
     -0.00171869     -0.00166855
     -0.00103204      -0.0010079
     -0.00435302     -0.00438149
     -0.00798339     -0.00785474
    -0.000826928    -0.000833558
    -0.000685646    -0.000678339
     -0.00115822     -0.00111453
     -0.00921754     -0.00917944
    -0.000716922     -0.00065323
      -0.0100614      -0.0103156
    -0.000740448    -0.000714066
     -0.00226186     -0.00228801
     -0.00240436        -0.00246
      -0.0128318       -0.012801
     -0.00774816     -0.00758135
     -0.00374505     -0.00374283
     -0.00172056     -0.00166818
     -0.00529534     -0.00527955
    -0.000688206    -0.000620612
     -0.00133921     -0.00130826
     -0.00236957     -0.00232459
     -0.00835467      -0.0085589
     -0.00196428      -0.0019401
     -0.00130631     -0.00123402
     -0.00306775     -0.00304013
    -0.000722532    -0.000663224
     -0.00103186    -0.000962874
     -0.00110103     -0.00111678
     -0.00542312     -0.00546012
     -0.00145091     -0.00144019
    -0.000915624    -0.000876247
     -0.00208204     -0.00207729
     -0.00563495     -0.00566556
     -0.00393408     -0.00405774
      -0.0128877      -0.0128118
    -0.000816478    -0.000771555
     -0.00160682     -0.00162363
     -0.00456759     -0.00464534
     -0.00123076     -0.00118009
     -0.00186471     -0.00185363
     -0.00281051     -0.00277284
     -0.00433194     -0.00430772
     -0.00133998     -0.00129718
     -0.00570605     -0.00565818
    -0.000839328    -0.000771545
     -0.00298489     -0.00305931
     -0.00492945     -0.00498627
     -0.00338745     -0.00339662
    -0.000971636    -0.000965511
     -0.00170037     -0.00170505
     -0.00246233     -0.00242154
        -0.00194     -0.00192895
     -0.00118393     -0.00115606
     -0.00315517     -0.00307704
     -0.00896732     -0.00907029
     -0.00997084     -0.00992958
     -0.00500725     -0.00493555
     -0.00396191     -0.00395269
     -0.00226406     -0.00222098
     -0.00243305     -0.00242549
     -0.00682133     -0.00687198
     -0.00196477     -0.00192845
     -0.00988323      -0.0100071
     -0.00405137     -0.00410983
     -0.00810293     -0.00820464
     -0.00299001      -0.0029979
    -0.000852312    -0.000842238
     -0.00176591     -0.00177716
     -0.00298053     -0.00298025
     -0.00177368     -0.00171418
     -0.00608499     -0.00616772
     -0.00135551     -0.00131048
     -0.00691436      -0.0069128
     -0.00407752     -0.00409947
     -0.00103685      -0.0010197
     -0.00759387     -0.00759179
     -0.00364856     -0.00370674
     -0.00341849     -0.00342935
     -0.00679634     -0.00677359
    -0.000810453    -0.000751038
     -0.00488892     -0.00488784
     -0.00211519     -0.00211081
     -0.00100514     -0.00097455
     -0.00228465     -0.00223757
     -0.00102563     -0.00104591
     -0.00317895     -0.00320539
     -0.00387042     -0.00380405
     -0.00313378     -0.00309345
     -0.00622519     -0.00611988
     -0.00157467     -0.00157645
     -0.00146027     -0.00143928
    -0.000878355    -0.000882593
     -0.00271479     -0.00274457
    -0.000822025    -0.000810541
     -0.00185754     -0.00181261
      -0.0102265      -0.0102305
      -0.0072418     -0.00739396
     -0.00740579     -0.00732192
      -0.0064882     -0.00648756
     -0.00399826     -0.00412452
     -0.00395572     -0.00397414
     -0.00419699     -0.00429642
     -0.00107385      -0.0010415
     -0.00592773     -0.00597141
     -0.00296209      -0.0029888
     -0.00529986     -0.00537378
     -0.00222289     -0.00219252
     -0.00161404     -0.00157727
     -0.00347369     -0.00343318
    -0.000880933    -0.000819824
     -0.00523773      -0.0053637
     -0.00173331      -0.0016914
     -0.00447742     -0.00440833
    -0.000834694    -0.000780042
     -0.00153635     -0.00156908
     -0.00128443     -0.00126537
    -0.000639947    -0.000602152
     -0.00169293     -0.00172578
     -0.00116889     -0.00113028
      -0.0016084     -0.00162299
     -0.00347941     -0.00346396
     -0.00519397     -0.00530303
     -0.00107627     -0.00101883
     -0.00101878    -0.000987904
     -0.00176593     -0.00175777
     -0.00407361     -0.00410933
     -0.00842633     -0.00840782
     -0.00137431     -0.00133717
    -0.000980155    -0.000979137
     -0.00324502     -0.00325327
     -0.00141181     -0.00139818
     -0.00102384    -0.000993186
     -0.00237278     -0.00243027
     -0.00150202     -0.00149216
     -0.00387897     -0.00387614
    -0.000831513     -0.00080177
    -0.000910151     -0.00092775
     -0.00546274     -0.00551469
     -0.00400168     -0.00399952
     -0.00195947     -0.00193457
     -0.00305116     -0.00314457
     -0.00577414     -0.00580886
     -0.00138377     -0.00132535
     -0.00229814     -0.00222983
     -0.00124862     -0.00122741
     -0.00121414     -0.00120718
     -0.00144573     -0.00142093
     -0.00111847     -0.00109894
     -0.00758176     -0.00776133
     -0.00630814     -0.00633603
     -0.00107662      -0.0010465
     -0.00635468     -0.00650397
    -0.000917217    -0.000920531
     -0.00322867     -0.00325224
     -0.00127524     -0.00121685
     -0.00845283     -0.00849614
     -0.00315068     -0.00315491
     -0.00179033     -0.00175138
      -0.0036358     -0.00363974
     -0.00663151     -0.00665661
     -0.00691063     -0.00693439
     -0.00314312     -0.00318699
     -0.00238063     -0.00237668
     -0.00102932     -0.00102062
     -0.00175666     -0.00170671
    -0.000973471    -0.000932151
     -0.00183736     -0.00180897
    -0.000974593    -0.000899947
    -0.000684023     -0.00061586
     -0.00752878     -0.00755801
     -0.00308742     -0.00308573
     -0.00176471      -0.0016663
     -0.00131306     -0.00134004
    -0.000989552    -0.000910171
     -0.00146607     -0.00142613
     -0.00177353      -0.0017282
     -0.00153114     -0.00151795
     -0.00213515     -0.00212865
     -0.00186438     -0.00183508
     -0.00091672    -0.000841366
     -0.00150124      -0.0014576
     -0.00327583     -0.00334321
     -0.00188498     -0.00184668
     -0.00314275      -0.0031741
     -0.00434435     -0.00434655
    -0.000786858    -0.000751429
     -0.00649972     -0.00672644
    -0.000837688    -0.000791797
      -0.0100191      -0.0102004
     -0.00141402     -0.00143322
     -0.00690873     -0.00702628
     -0.00254576     -0.00252385
     -0.00255206       -0.002554
     -0.00529044     -0.00520707
     -0.00224835     -0.00221964
     -0.00103356    -0.000993717
     -0.00244962     -0.00246127
    -0.000798953    -0.000763023
     -0.00518328     -0.00520215
     -0.00269341     -0.00276007
     -0.00651803     -0.00661488
    -0.000774751    -0.000747738
     -0.00337986     -0.00345624
      -0.0017992     -0.00172545
     -0.00344542     -0.00340118
     -0.00281542     -0.00282581
     -0.00177353     -0.00174684
     -0.00155828     -0.00152264
     -0.00166203     -0.00165073
     -0.00332544     -0.00336286
    -0.000726331    -0.000663463
     -0.00215704     -0.00218864
     -0.00395754     -0.00392979
     -0.00568731     -0.00573333
     -0.00104302    -0.000984504
      -0.0033645     -0.00327848
     -0.00285422     -0.00276487
     -0.00187859      -0.0018682
    -0.000926658    -0.000938372
     -0.00143276     -0.00142199
     -0.00429489      -0.0043169
     -0.00166369     -0.00162084
     -0.00284352     -0.00287991
     -0.00259798     -0.00262295
     -0.00129845     -0.00123668
    -0.000881587    -0.000843182
     -0.00107574      -0.0010299
     -0.00510709     -0.00521372
     -0.00574781     -0.00569485
     -0.00279994     -0.00280529
     -0.00181315     -0.00181085
     -0.00440639     -0.00447825
       -0.002188     -0.00217624
      -0.0070947     -0.00719054
     -0.00346052     -0.00352076
       -0.002895     -0.00292049
     -0.00187457     -0.00185843
     -0.00160728      -0.0015472
      -0.0022873     -0.00226916
    -0.000746728    -0.000675026
     -0.00164518     -0.00172105
     -0.00663177     -0.00661007
     -0.00228636     -0.00231771
     -0.00373471     -0.00372674
     -0.00146488     -0.00141636
     -0.00427204     -0.00429204
     -0.00610875     -0.00602306
     -0.00100058    -0.000992733
    -0.000663613    -0.000619832
     -0.00659161     -0.00639683
     -0.00113435     -0.00109248
    -0.000832943    -0.000765872
     -0.00122666     -0.00120065
     -0.00438553     -0.00441849
     -0.00208103     -0.00201766
     -0.00634746     -0.00639631
     -0.00732335      -0.0072064
      -0.0011646     -0.00111404
     -0.00477603     -0.00485296
      -0.0039793     -0.00395639
     -0.00166214     -0.00166331
       -0.013381      -0.0132886
    -0.000864896    -0.000856017
     -0.00306968       -0.003064
     -0.00104677     -0.00105699
     -0.00263111     -0.00257749
     -0.00115819     -0.00110021
     -0.00208646     -0.00206431
     -0.00163367     -0.00161717
     -0.00114891     -0.00113842
    -0.000766863    -0.000735804
    -0.000909786    -0.000856676
     -0.00127017     -0.00120804
     -0.00394768     -0.00400737
     -0.00158123     -0.00155166
      -0.0105751      -0.0104812
     -0.00374652     -0.00378163
      -0.0107537      -0.0109291
     -0.00270489     -0.00271163
    -0.000558521    -0.000490544
    -0.000682168    -0.000628795
     -0.00471467     -0.00479508
     -0.00112685     -0.00106861
     -0.00478413     -0.00482865
    -0.000832781    -0.000816172
     -0.00152905     -0.00149093
     -0.00992226      -0.0101873
     -0.00302508     -0.00308422
     -0.00459919     -0.00466229
     -0.00872063     -0.00874714
     -0.00629308     -0.00640003
     -0.00139889     -0.00137266
     -0.00156024     -0.00154864
     -0.00115391      -0.0010713
     -0.00318476     -0.00312848
     -0.00113526     -0.00108961
     -0.00487124     -0.00494166
     -0.00616256     -0.00607137
     -0.00147111     -0.00141183
    -0.000552678    -0.000482006
     -0.00787918     -0.00786483
     -0.00132434     -0.00130059
     -0.00904801     -0.00914254
     -0.00320948     -0.00325055
     -0.00743887     -0.00750827
     -0.00421554      -0.0041295
     -0.00706688     -0.00687926
     -0.00106344     -0.00106312
     -0.00272681     -0.00273907
    -0.000985939    -0.000945791
     -0.00159201     -0.00154692
     -0.00104604     -0.00103511
     -0.00652258     -0.00669011
      -0.0006814    -0.000618788
     -0.00125164     -0.00127896
     -0.00203093     -0.00202944
     -0.00239454     -0.00238887
    -0.000873694    -0.000830251
     -0.00446841     -0.00452912
     -0.00519048     -0.00526488
     -0.00198157     -0.00196762
     -0.00104328    -0.000994247
     -0.00134067     -0.00128649
     -0.00112866     -0.00107156
      -0.0016836      -0.0016295
     -0.00663655     -0.00670359
     -0.00507931     -0.00518591
     -0.00271739     -0.00275954
     -0.00232434     -0.00236908
     -0.00251397     -0.00251536
     -0.00107704     -0.00106286
     -0.00223744     -0.00219401
     -0.00138042     -0.00134539
     -0.00151479     -0.00146717
     -0.00222218     -0.00219275
     -0.00115487     -0.00110967
    -0.000794763    -0.000749075
     -0.00243107     -0.00237366
     -0.00490691     -0.00502824
      -0.0035314     -0.00352165
     -0.00326166     -0.00320913
     -0.00230464     -0.00222333
     -0.00246942     -0.00241643
     -0.00132975     -0.00131005
     -0.00200813     -0.00193418
     -0.00110768     -0.00116026
      -0.0071039     -0.00704198
     -0.00333614     -0.00334502
      -0.0021497     -0.00213672
     -0.00164951     -0.00164206
     -0.00246346     -0.00241973
     -0.00140529     -0.00134907
     -0.00430637     -0.00422115
     -0.00109573     -0.00109072
      -0.0034597     -0.00347118
     -0.00126663     -0.00126731
     -0.00327933     -0.00330359
     -0.00191834     -0.00195162
     -0.00898435     -0.00905434
     -0.00491976     -0.00509475
     -0.00353101      -0.0035847
     -0.00894279     -0.00905687
     -0.00471525     -0.00475787
     -0.00313916     -0.00323284
     -0.00116035     -0.00110318
     -0.00103289    -0.000954261
     -0.00292579     -0.00284265
      -0.0052504     -0.00518615
     -0.00145282     -0.00136903
     -0.00189125     -0.00187887
    -0.000960524    -0.000937733
     -0.00536534     -0.00534136
     -0.00071727    -0.000702621
      -0.0018902     -0.00188846
    -0.000564229    -0.000497506
    -0.000932509    -0.000861131
     -0.00104933     -0.00100304
     -0.00167286     -0.00163355
     -0.00172305     -0.00167273
     -0.00309127     -0.00307965
    -0.000722748    -0.000674623
     -0.00364891       -0.003718
    -0.000989304    -0.000931716
     -0.00414426     -0.00406043
    -0.000682642    -0.000642375
     -0.00980228     -0.00978679
     -0.00102731     -0.00097439
      -0.0038832     -0.00396819
     -0.00479706     -0.00489373
     -0.00394032     -0.00396949
     -0.00622461      -0.0062983
     -0.00136096     -0.00136836
     -0.00394284     -0.00397741
     -0.00104199      -0.0010747
     -0.00116838     -0.00113398
     -0.00136547     -0.00132995
     -0.00570795     -0.00575439
     -0.00557053     -0.00560922
    -0.000726096    -0.000688713
     -0.00797054     -0.00800394
     -0.00104219    -0.000995572
     -0.00183333     -0.00180451
